5.601798387720700045e-01 1.183382242917792038e-01 7.085220409833286048e-01
3.651661226333206001e-01 8.036794990811365613e-01 3.439409386286373937e-02
2.315579899641075912e-01 2.076093449117366596e-01 5.804387709539824414e-01
2.946672617812051698e-02 7.046609057032402479e-01 7.023910961627505278e-01
4.148330867059402127e-02 7.850343413764628853e-01 2.831182796913892519e-01
1.434649997247784414e-01 7.979054951619588554e-01 8.297321939259894030e-01
7.974826895514390834e-01 2.502304956419854065e-02 6.039275277863576097e-02
1.563142833772930285e-01 5.986043216311859316e-01 2.544725463602837134e-01
9.243378903085690546e-01 1.644335044368276932e-01 3.665922355991348969e-01
5.291053559314529142e-01 1.786747208386698649e-01 8.259987789270883951e-01
