 -1.21379840  -17.10070125    3.58702100
 -2.67035570  -15.66068165    0.08867610
 -6.06899060  -17.39874495   -2.40836130
 -8.49658680  -15.79724255   -2.06107940
 -8.98210610  -17.02190205   -2.82253200
 -9.49686000  -19.18732875   -4.55962990
-10.31865047  -17.60621065   -5.83676810
 -8.49658680  -19.30673235   -4.02142650
 -7.04002920  -16.52668805   -1.91762480
 -4.18879500  -16.93033115   -3.84473120
 -0.34721700  -17.60621065   -4.90519820
 -2.67035570  -16.61954925   -4.41173350
  1.85234500  -18.38678355   -4.55962990
  5.16716900  -18.93740525   -5.27452860
  0.37588900  -19.09122575   -6.88462452
  0.36168000  -17.11120555   -2.89573490
 -2.55034630  -15.89773215   -2.41493380
 -1.21379840  -16.17691315   -3.41977820
 -9.36017240  -12.22290695   -7.41922470
-10.25996927    2.68899725   -7.04953495
 -9.75453112    2.90470925   -9.56392080
 -9.90964440   -1.76604875   -8.60311110
-10.43866389    2.90977325   -5.06169790
-10.06487745    5.16402225   -6.87893674
 -9.53311411    6.15403225   -9.68577280
 -8.13816110   10.21168925    0.25434410
  7.07890900    6.65169325   -0.28694140
  9.46762500    7.90908425   -0.09363590
 12.07809300    7.81869325   -0.57022700
 14.22451800    5.56042525   -1.08470660
 15.53158000    8.62905725   -1.27565230
 16.88525000    9.05141625   -3.12983240
 15.77937500    9.21047625   -5.09893890
 14.53497100   10.60907725   -1.90398540
 13.55851000   12.58909625   -1.78114780
 13.12182800   11.59908725    0.61996280
 12.57046700    9.61906825   -0.90043960
 13.49778800   14.56911825   -2.59006840
 14.70743400   12.82247925   -3.12983240
 16.88516800    7.25431825   -3.84473120
 15.68704000    6.89366325   -5.98942733
 16.47713700    4.63060025   -5.27452860
 17.32674600    5.16402225   -2.68087130
 16.07317200    2.68899725   -2.87611540
 13.83729900   -0.75133475   -3.86322940
 16.51613200   -0.78811075   -5.27452860
 15.49615500   -1.11176675   -4.55962990
 16.26489500    1.75806225   -6.18793026
 16.13921400   -0.85440975   -6.70432604
 15.97080000   -2.75605975   -6.77272016
 14.79839500    0.70897725   -9.06645160
 13.83729900   -1.21047975  -11.37811790
 13.39917400    9.61906825  -11.50437250
 13.65721700    6.64903625  -11.09207760
 13.23020800    9.14798925  -14.56821240
 13.02071000   12.58909625  -14.30758180
 13.35178000    6.41506725  -14.49000730
 13.30243900    3.36081725  -15.99800950
 13.49138700    0.70897725  -14.06800450
 13.61909900   -3.74606875  -13.57239760
 13.48730500   -6.71609975  -12.95624530
 12.99997900   -7.77163575  -16.71290750
 13.06631700   -4.73607975  -16.56585650
 12.81108300   -6.26494075  -19.57250250
 12.89145700   -4.24107375  -19.36414750
 12.63490300   -4.24107375  -22.76705450
 12.78611000   -7.74963775  -24.57679450
 12.66867500   -6.71609975  -22.15885550
 12.70670700   -3.25106375  -21.77192850
 12.66208300   -4.73607975  -20.96473550
 12.98550800   -8.69611875  -22.15101150
 13.83729900  -12.90517135  -26.33044850
 13.35178000  -15.94929545  -27.74899750
 13.42315100  -14.14117515  -27.32566750
 13.19651000  -13.51508035  -22.43209750
 13.01684200  -11.17114575  -23.73796150
 13.76301800  -11.17114575  -27.53818450
 13.25652700   -8.20111475  -27.35107350
 12.30024000   -1.76604875  -26.37553850
 12.94601400    0.21397225  -28.38550650
 12.64709500   -6.22109375  -33.04570850
  8.11180900   -1.76604875  -34.00416050
  6.27385000   -1.27104375  -33.82134150
  3.76281400   -0.28103475  -33.81154750
  2.11143900   -2.05599575  -33.87047650
  3.89813000   -2.26105275  -33.73865950
  4.12691400   -5.23656475  -32.99614250
  2.18483600   -4.58526775  -33.31141950
 -0.98779570    0.21397225  -34.14204150
  2.18483600    1.94790225  -33.86035050
  2.47599100    3.67900625  -33.70223150
  5.09795200    4.23527125  -33.49259050
  8.49658800    6.49115525  -33.10312150
  7.50539400    5.16402225  -33.30238650
  4.12691400    5.80061325  -33.19779250
  2.03645200    6.45509925  -33.15557950
  0.54885700    8.57801825  -32.44068050
  4.12461900    8.37857425  -32.44068050
  6.06899100    7.65357025  -32.68702950
  7.83118600    8.66145325  -32.44068050
 10.62912800   11.59908725  -32.19338450
  9.46762500   11.76310725  -31.99445850
  8.98210700   11.12551125  -32.15036250
  8.72557500   13.57910925  -30.54403550
  7.83096100   13.14155225  -30.29598350
  6.21861100   13.57910925  -29.40924550
  4.04184600   13.08410225  -29.33706350
  2.67035600   14.56317125  -27.81419650
  0.49488900   14.56911825  -27.89556550
 -3.15587510   15.39064825  -26.49388550
 -6.55834120   15.55912825  -27.50505150
 -4.61243290   13.77561625  -28.60451950
 -9.20898330   18.03415325  -25.37045550
-11.56158700   17.96505725  -24.57679450
 -4.73737230   17.05495425  -24.57679450
 -6.52053230   17.48408925  -24.57679450
 -1.32158460   16.96113625  -22.43209750
 -4.12691350    7.39615425  -32.99491050
 -0.67957390    7.63904725  -32.72181550
  2.18483600    7.93264425  -32.65909050
 -2.67035570    8.77195925  -32.17096750
 -4.12691350    8.87860125  -32.26112450
 -9.61715570   -1.29870175  -18.14270550
 -9.95314464    0.10158125  -19.62103350
-10.37341251   12.21894825  -11.70861710
-11.26351050   15.55912825  -12.98654590
-11.56396610   17.53915025  -13.21136890
-10.20581037   12.09409325  -15.75167740
-10.28554835   13.04680225  -13.85331330
-10.92418316   14.75158325  -10.78086170
-10.95867759   15.51992425   -8.84902220
-11.10070488   16.54913725  -10.79895910
-10.50896951   19.02416225  -12.48358810
-11.85569050   21.00418525  -15.23058300
 -9.95314464   20.98825125  -14.73360140
 -8.30415740   21.49918725  -15.03466210
 -7.04002920   21.46209325  -13.65407790
 -5.92202890   20.89292925  -14.56821240
 -3.50377840   19.55404625  -12.42351570
 -7.33215300   20.50917825  -11.87151660
 -7.23421420   20.50917825  -10.07656730
 -8.49658680   18.82003025   -9.22034750
 -7.80779020   20.01417525   -7.84081700
 -9.46762540   19.25365825   -6.94394294
 -8.06640620   20.01417525   -6.17605098
-10.43866389   18.11726025   -9.68032130
 -2.18483630   18.83817325  -16.55773850
  1.69931700   15.84671425  -25.56560050
 -4.12691350   12.34166725  -30.23058050
 -2.09432780   11.59908725  -30.53460550
  1.69931700   11.68082025  -30.54261850
  2.67640000   12.88473125  -29.58108450
  1.69931700   12.90588725  -29.50106550
 -0.26662800   12.62217325  -29.58108450
 -2.18483630   13.66622925  -28.52774750
 -3.81371440   11.10408425  -30.83831650
 -0.72464740   10.11407125  -31.56774050
 -9.23812820    7.63904725  -33.72580650
 -6.51748890    9.12406125  -32.30822650
 -9.74048916   10.11407125  -32.85952850
 -7.52554840   13.46320325  -30.03964350
 -5.65128510   11.10408425  -30.93246150
 -8.01106750   11.64922325  -31.56797250
 -9.78862152   14.56911825  -30.32419250
-11.89522160   13.01334725  -30.36015250
-10.92418316   12.36837025  -31.80933650
-12.51360720    9.52378325  -30.29598350
-12.49614830   10.60907725  -29.13637250
-11.89522160   11.41565325  -31.35110350
-12.56888880    8.83722125  -28.15128750
-12.44808640   10.20817925  -27.43638850
-12.35606670   15.11988025  -26.00659050
-12.43075270   12.58909625  -25.95744950
-12.21096090   14.11781325  -27.43638850
-12.44565930   12.29716925  -28.15128750
-11.61500470   15.55912825  -28.42554350
 -9.95314464   16.48290225  -27.72528550
 -8.49658680   16.11592825  -28.21724950
 -8.01106750   18.49461725  -24.35990450
 -6.49384160   19.02416225  -21.59956950
 -3.54306310   18.52915925  -20.28391350
 -5.43753040   20.22281625  -17.42780650
  0.72827900   18.47806925  -12.51117260
 -0.48209470   18.59450125  -14.56821240
  6.55451000   19.07747625  -17.64554450
  7.04003000   18.45971325  -21.07433950
  2.01673400   16.92599925  -21.00230050
  4.93594100   17.27724125  -22.43209750
 -0.72827900   17.56691025  -20.03613550
 -4.11501070   20.01417525  -15.05325780
 -7.04002920   21.00520725  -16.10342300
 -9.46762540   21.63334625  -16.56943950
-10.91276783   21.49918725  -17.09353550
 -9.19094030   21.49918725  -17.99064450
-11.47537264   21.00418525  -17.86050750
-12.03151830   20.58674225  -16.71290750
-10.92418316   21.28288625  -18.88870750
 -7.75899900   19.63696725  -21.71719950
 -7.37984620   20.50917825  -19.28707350
 -9.95314464   21.36710325  -19.74554950
-10.96584186   19.22941625  -23.86189550
 -9.30979230   19.51916925  -23.37481150
-10.54860212   20.25476825  -22.43209750
-10.92418316   20.91853325  -20.49220150
-11.92389380   19.76969525  -20.28740250
-11.73061220   20.50917825  -19.64103150
 -9.11604490   20.50917825  -21.39305750
-11.89522160   19.00516525  -22.22512550
-10.42478684   10.97848925  -18.14270550
-10.43866389    8.98770525  -17.91872450
-10.07559630    7.17861225  -19.57250250
-10.08317757    2.68899725  -19.05784650
-10.35503015    2.02301625  -21.71719950
-10.68910250   -0.28103475  -23.62774150
-11.25295457   -3.16242575  -24.57679450
-12.13475660   -2.26105275  -28.00254750
-11.58086020    1.69898625  -26.04071850
-12.62637580    2.44091825  -28.86618650
-12.67489900    0.70897725  -29.23116950
-13.23262160   -1.88998575  -31.72578150
-13.19475000    2.20161825  -31.01088250
-12.92913190    3.67900625  -30.06530850
-12.76082820    1.46065925  -31.72578150
-12.92508400    3.18400225  -32.05838850
-12.88659950    4.66901825  -31.47321950
-10.69150111    8.13405225  -32.59377550
-11.24373832   10.11407125  -31.93836850
-12.38074090    7.68327925  -31.11098750
-11.89522160    8.92204325  -31.52133850
-12.75636470    6.48831725  -31.01088250
-12.86626020    7.23193225  -28.89985750
-11.24311832   -5.72608975  -24.56377650
-12.69006200  -10.57445375  -26.72148950
-11.40970239   -7.58241975  -24.94441850
-12.38074090   -3.94715675  -27.98155150
-11.84207790    4.17401125  -33.24432250
-10.50560791    6.64903625  -33.10801550
 -8.52370050    5.65902725  -34.16844450
 -9.95314464    3.83353025  -34.44332950
 -4.61243290    5.93863725  -33.63482550
 -6.06899060    6.54223825  -33.62966650
-11.84992050    6.15403225  -32.40673950
 -9.95314464    1.82996525  -34.48935250
 -5.57940620   -1.76604875  -34.91138550
 -5.59841530   -5.72608975  -34.42298350
 -6.55450980   -4.42221975  -34.87636850
 -7.73864880    2.68899725  -35.01716850
 -5.09795230    2.48883425  -34.57449250
 -5.58347120   -3.49065975  -34.77644650
 -3.64139450   -3.64080775  -34.33052750
 -0.19998700   -2.75605975  -34.06875650
  1.97259300    0.21397225  -33.97123050
  7.21220200   -0.28103475  -33.85397250
  5.39938100    0.70897725  -33.71629250
  0.24276000    2.58494225  -33.85274250
  0.72827900    3.55482525  -33.79109650
 -3.15587510    2.34124225  -34.23321950
 -1.69931690    2.23106425  -33.99838950
 -0.86988060    4.17401125  -33.80031450
 -3.15587510    3.83890125  -33.91523650
 -2.67786880    5.65902725  -33.44166250
  1.08919700    6.41011625  -33.15557950
 -0.24276000    5.62005025  -33.41919550
  1.21379900    5.01746525  -33.46476250
 -6.98789300    4.63187425  -34.58537550
 -8.41207190    4.23328825  -34.58537550
 -5.09795230    3.98848725  -34.33812050
 -3.81209510   -0.28103475  -34.53341350
  0.24276000   -4.43862175  -33.61404650
 -1.54332340   -4.30174775  -33.87047650
 -7.19199670   -5.72608975  -34.58195950
 -9.55268440   -5.72608975  -34.17101950
 -6.06899060   -6.98770175  -34.09621150
 -6.57299100   -8.69611875  -33.66549950
 -8.22454870  -12.16115465  -32.73708050
 -4.23010720  -13.20651715  -31.01088250
 -7.52554840   -6.87907275  -34.26768750
-10.43866389   -7.17800875  -33.65720050
-12.38074090   -5.05623475  -32.74898250
 -8.49658680   -5.28906275  -34.67175350
 -9.95314464   -4.19729275  -34.10871050
-11.20742789   -5.23108475  -33.67974950
-12.74066650   -3.74606875  -32.14912450
-12.38074090    2.46932425  -32.73393150
-12.27580690   -1.27104375  -33.10402550
-11.86510230   -3.25106375  -33.60187250
 -9.01976230   -3.25106375  -34.44580750
 -8.26982510   -1.80236275  -34.58537550
-10.92418316   -1.62392075  -34.09914850
 -7.52554840    0.17372525  -35.28430650
 -9.46762540   -0.20495075  -34.62571050
-11.51555670    0.92581025  -33.87047650
-13.39929100   -3.74606875  -30.38391350
-13.19159000   -5.23108475  -29.36490150
-13.42231620   -7.21110475  -29.94817650
-13.43570200   -5.23108475  -30.96423050
-12.33329110   -6.57517275  -32.44068050
-12.93451040   -6.71609975  -31.22201650
-13.10960950   -7.70610975  -31.34201750
-13.27813950   -8.69611875  -29.93322050
-12.49792280  -11.92047875  -31.01088250
 -8.98210610   -7.77267875  -34.13492650
 -9.45055420   -8.69611875  -33.60759450
 -8.01106750   -9.35966175  -33.69514950
-10.67407523   -9.17936375  -33.15557950
 -9.46762540  -11.78416675  -32.74320450
-10.48968059  -13.15116495  -31.83623950
-10.43866389  -14.77259295  -30.79531750
-10.92418316  -11.68942375  -32.32956350
-12.12740820   -9.60938975  -31.72578150
 -0.24276000   -6.42472575  -33.10786550
 -3.15837280   -7.21110475  -33.49453650
  1.92779900   -6.22109375  -32.85204750
  6.55451000   -5.91134275  -33.04183450
  3.57856900   -6.71609975  -32.44822250
 -0.72827900   -9.92529875  -32.00601850
  4.61243300   -9.82385975  -31.30867850
  2.18483600  -10.65897775  -30.97759350
  2.44730600  -13.15116495  -29.80525650
  5.58347100  -14.46100225  -28.90206750
  3.88040600  -13.64617055  -29.29774750
  6.06899100  -14.07858175  -29.92503450
 10.92418300  -13.62024585  -30.85224450
  7.93541000  -12.65616025  -30.35246150
 11.76333600  -12.65616025  -30.54545450
 13.83729900  -12.57496065  -28.92103250
 12.40824100  -14.14117515  -29.92734750
 10.25503500  -15.13118545  -29.92100950
  7.75052700  -15.57929315  -28.86618650
  9.10026700  -16.99413625  -28.15128750
 10.92418300  -16.41583435  -28.39410450
  7.04003000  -18.04353705  -25.38715650
  9.21839700  -19.45762815  -24.57679450
  7.04003000  -18.80126305  -23.38159050
  8.51765300  -20.57624105  -20.37449450
 13.59810300  -17.76299045  -23.86189550
 12.97820100  -20.19052705  -21.71719950
 10.39855200  -20.57624105  -22.86668250
 13.35178000  -18.12106125  -25.34224750
 13.16763700  -19.09122575  -23.70651850
 11.91912700  -19.09122575  -25.37698050
  3.99899100  -17.66930005  -24.57679450
  0.80813100  -16.12119575  -27.14103750
 -3.64139450  -17.20308435  -26.41158950
 -5.36664000  -17.74366705  -26.72148950
 -6.55450980  -18.14601865  -27.09647250
 -8.98210610  -17.92998835  -28.81361050
 -3.64139450  -16.33436005  -27.84877450
  2.16967800  -16.67903845  -26.00659050
  7.52554900  -14.08617205  -29.40334050
 12.92490600  -12.44678205  -30.29598350
 13.51503400  -11.17114575  -29.14074550
 12.38074100  -17.51007215  -26.85252650
 13.58777400  -15.62619055  -24.12061350
 13.43165400  -17.11120555  -25.74335350
 12.38074100  -15.96842135  -28.23063550
 13.52170800  -13.64617055  -24.72586750
 13.65001700  -16.61620035  -23.31558650
 13.76589800  -17.60621065  -21.31143950
 13.59927000  -15.13118545  -21.71998350
 13.51791600  -18.59622085  -19.10970150
 11.52764900  -21.56625118  -20.85657250
  4.17525200  -19.98370685  -15.99800950
  4.53155900  -20.08123595  -13.37379390
  0.51390700  -20.22450605  -13.13841470
  7.52554900  -20.11115305   -9.87054810
 14.52722700  -18.25718945  -13.13841470
 12.88528600  -13.64617055  -18.72669350
 12.96010000  -11.17114575  -20.34092050
 14.09726200   -7.21110475  -10.15964830
 15.29385600   -4.75368275   -8.29212770
 14.70568300   -1.76604875   -9.17182070
 13.53279300   -9.19112475  -11.74660000
 15.51108400  -13.64617055   -7.32583120
 14.33338200  -13.10442635  -10.27881970
 14.32281900  -10.14327675   -9.34365430
 15.09334200   -8.46839075   -8.13412350
 16.26489500   -6.85444175   -6.75654346
 16.80627600   -6.71609975   -3.55631000
 15.49615500  -10.67613975   -2.28413380
 16.35869200   -8.20111475   -2.55051220
 17.53239600  -10.18113475   -3.34115350
 15.65147400  -13.64617055   -2.52975780
 16.65120300  -13.71204945   -3.84473120
 17.39090500  -11.66614975   -4.14200700
 11.89522200  -19.84412305   -5.25067390
 14.48704700  -18.28649085   -4.55962990
 15.25350600  -16.12119575   -4.51500900
 15.77937500  -14.38650605   -2.92535270
 16.51251200  -12.03537075   -2.41493380
 14.71202900  -16.38762375   -3.12983240
 13.83729900  -17.19981565   -3.30827700
 13.86894000  -15.02371735   -2.41493380
 12.96373000  -13.64617055   -1.73090540
 12.81930000  -14.63618035   -1.32469640
 12.74299100  -18.10121575   -3.50869830
 10.59631500  -21.07124608   -6.74214736
 12.86626100  -20.92216905   -8.24679600
 14.52943200  -18.77037895   -7.41922470
 15.26400400  -16.61533965   -8.13412350
 14.36418200  -19.58623095   -9.90035110
 14.14940700  -20.11230025   -8.84902220
 16.12977200  -14.87187715   -5.27452860
 14.99888200  -17.11120555   -5.51931540
 14.59151800  -18.38271255   -5.98942733
 13.35178000  -20.27700605   -6.74597821
 13.35178000  -21.34702979   -9.49486550
 12.38074100  -21.63949420   -9.74021350
 11.30719000  -21.53748174   -8.84902220
  9.64864900  -20.12261765   -5.27452860
  6.10486600  -19.29732745   -0.27023780
  8.98210700  -19.47556155   -0.37759720
  9.76319900  -19.23802485   -2.41493380
  7.48447600  -19.09122575   -5.87981168
  7.41369100  -19.02367565   -3.12983240
  4.61243300  -18.79125515   -2.88156300
 10.92418300  -19.02774895   -2.26195230
 10.81406400  -20.03316345   -4.55962990
 10.74458300  -19.59043065    0.44466130
 13.16130100  -17.02521695   -0.98513640
 12.21631600  -18.88579865   -1.70003500
 11.07874700  -18.80400535   -0.98513640
  8.08959000  -20.57624105    1.62855210
  5.04967600  -21.56625118    3.38780610
  7.52554900  -22.95013671    3.64746390
  5.72743000  -23.23471835    4.73405350
  5.58347100  -22.77645301    6.14905850
  8.38314600  -23.79575245    4.73405350
 10.43866400  -23.78478555    5.29118350
  9.88891000  -24.04127635    6.27724150
 11.40970200  -22.70920729    5.26839950
 10.67575700  -22.06125622    3.90352750
  7.52554900  -23.35352595    6.64980250
  6.55451000  -23.43205435    8.00576850
 11.89522200  -21.44767933    8.10125850
 11.04520400  -20.93635645   11.16814150
 18.69249200  -19.72324675   11.25278550
 17.72145300  -20.35373955   12.90168850
 13.35178000  -20.37051815   10.25379650
 16.72131700  -19.09122575    5.24657450
 14.80697600  -19.45838085    4.73405350
 19.17801100  -18.03434965    5.48691650
 19.17801100  -16.76964415    3.73262550
 19.17801100  -11.17378975    6.45991650
 19.17801100  -16.29090585   13.48238250
 16.26489500  -16.04871075   15.82545350
 18.20697200  -16.32065625   16.28700750
 20.27035900  -16.61620035   14.88621650
 17.04523300  -20.61572415   15.45753350
 18.87095100  -20.08123595   15.90137050
 17.03692600  -19.58623095   17.60113450
 15.93450900  -20.08123595   16.49520250
 15.03665200  -20.03322605   17.60223150
 15.65180000  -20.77471585   15.45753350
 10.43866400  -19.24121395   17.24336950
  9.08651400  -17.60621065   16.94354350
 12.18926800   -9.98022775    6.33669950
 19.94993200  -14.05293215    3.82617350
 21.12008700  -12.17211815    6.06493150
 20.53601100  -16.12119575    9.41195250
 21.03665200  -15.13952535    7.59364850
 21.78043000  -17.60621065    9.89009750
 21.89540100  -16.61620035   11.08612150
 13.83729900  -15.92582645   13.47999350
  8.04444100  -16.58708465   15.45753350
  3.03772000  -16.12119575   13.09240650
  5.12718600  -17.98739095   11.16814150
  5.09795200  -20.08226855   10.58790650
  7.52554900  -18.78732175   13.55464850
  5.58347100  -17.50401685   12.74569250
  3.93794000  -17.16022485   12.59793950
  4.03466800  -15.13118545   12.66173850
  3.53604100  -13.15116495   12.31172850
  1.21379900   -5.39836275   17.52846250
 -0.14256800   -5.33846675   21.17672450
 -2.11757650   -6.01306975   20.46182550
 -5.58347120   -7.04128375   23.01670350
 -2.36728180   -5.72608975   23.52666950
 -0.78500640   -5.57642375   22.60652050
 -3.15587510   -6.47932075   21.51509350
 -5.58347120   -7.82436475   20.02381450
 -3.64139450   -7.45879575   18.52327450
 -5.76989930   -9.07911075   16.88733250
-10.27268769   -9.38735075   19.03202750
 -7.48384320   -8.69611875   19.53351550
 -0.72827900   -5.89513975   17.83773950
  3.40828000   -4.80977475   24.03631850
  0.66983800   -5.06342275   23.32141950
  6.06899100   -3.77511375   24.23250150
  1.69931700   -4.97858975   24.52088250
  0.44091700   -5.23108475   24.51403150
 -4.61243290   -6.72996775   23.01513050
 -3.64139450   -6.10911875   25.03883050
 -1.69931690   -5.53067975   25.02050550
 -6.18024720   -6.71609975   31.51612950
 -2.49817890   -5.88594075   31.18530750
  3.03410500   -4.82085075   29.04060850
  5.58347100   -4.54961175   29.02203850
  6.50195500   -2.89405475   26.89591350
  4.61243300   -2.30706975   27.64936550
  3.15587500   -1.95809175   29.41865650
  6.55451000   -4.03809575   27.63190150
  5.09795200   -4.60008375   28.02206950
  5.49909900   -4.24107375   30.02953050
  2.67035600   -3.92882575   32.00871350
  4.12691400   -4.26667775   31.22928350
  5.66040200   -2.98776475   30.47040650
  6.06988300   -2.55533575   29.04060850
  4.61243300   -2.34857175   28.82102350
  2.67035600   -2.04258575   27.06858950
 -1.06630600   -1.76604875   29.21749950
 -6.06899060   -1.54369375   32.86672350
 -2.18483630   -2.05665375   32.05771750
 -6.95688910   -0.33863075   30.47040650
 -8.49658680   -0.05203475   31.39395650
 -3.64139450   -0.87014975   25.19911150
 -6.06899060   -0.48012375   24.65099850
 -8.49658680    0.20444125   23.17542950
 -8.98210610   -1.79668975   16.14677750
 -8.53540330   -3.02023475   16.88733250
 -9.56387618   -3.82580575   14.02773550
 -7.88814150   -3.63997475   13.31283850
 -8.04086630   -2.75605975   14.16029050
 -8.56027650   -0.79342475   12.59793950
 -6.54044670    0.21642725   11.12445750
 -5.76305520    0.70897725   10.72375050
 -7.52554840    1.13225925   10.92274350
 -8.98210610    0.83339325   11.92305450
-10.70368949    1.20398125   12.32241350
 -7.08482190   -2.26105275   11.72501850
 -5.92235940   -1.27104375   11.14451150
 -7.52554840   -0.55480775   11.73716050
 -8.83125630   -4.24107375   12.71586150
 -7.49201340   -4.24107375   11.57461050
 -5.58347120   -4.87588875   10.71851250
 -2.67035570   -4.60082575    9.74170250
 -1.88862510   -2.73289075   10.21410450
  0.73617000   -3.79613275    9.56980250
  0.58705600   -5.72608975    8.72704550
  3.00720700  -11.27191175    2.42563450
 10.43866400  -11.62873975   -1.13861360
 -1.18731590   -8.82572875   -2.34081110
 -6.75179350  -13.15116495   -1.43486630
 -8.66955340  -10.41684675   -0.79845080
 -8.49658680   -7.80553575   -1.34009780
 -9.95314464   -6.08691175   -2.35829530
 -8.69483650   -4.75411175   -2.41493380
 -7.45073070   -0.57801475   -2.41493380
 -9.95314464   -4.39512675   -3.17599260
-10.35172514   -9.99392775   -3.84473120
 -9.66602013   -9.19112475   -6.32900748
-10.25925070   -4.24107375   -6.78137676
-10.34830010   -2.75605975   -4.39084650
 -8.49658680   -2.31648275   -3.00392760
 -6.06899060   -8.37722675   -1.75578680
 -6.06899060  -10.40952075   -1.45340910
 -5.59101910  -15.13118545   -1.47374660
 -8.49658680  -14.32362215   -1.47918640
 -6.63046920  -15.13118545   -1.67159210
 -0.89689910  -16.12119575   -1.91333330
  2.26818700  -18.10121575   -2.38705810
  1.45894000  -17.30382105   -0.98513640
 -0.72827900  -16.00724165   -0.27067930
 -0.72827900  -16.78751555    6.10385150
 -1.69931690  -15.46680875    1.58734480
 -3.36252350  -14.14117515   -0.88067370
 -4.54931110  -11.90857075   -1.41083230
-10.27754532   -9.19112475   -2.32658160
 -9.95314464  -11.86223975   -3.70720520
 -9.40463680  -13.65652265   -2.41493380
 -8.98210610  -11.99049275   -1.29729830
-10.92418316   -7.87324475   -3.52920680
-10.92418316   -5.23560675   -3.37312250
-10.14212331   -6.71609975   -5.54954014
 -9.69919047   -6.71609975   -7.95664150
 -9.45871450  -10.18113475  -12.52009430
-10.24320753  -16.12119575  -13.45884690
 -9.71610323  -13.15946195  -10.99371850
 -9.13328190  -10.69902475   -9.56392080
 -9.54171679   -1.75233475  -12.42351570
-10.15835053   10.18165625  -10.99371850
 -9.86042509    8.62905725  -11.11609400
 -9.69368145    6.64903625  -11.68949880
 -9.80735019    6.64903625  -14.89227470
 -9.95314464    3.81841625  -16.66290050
 -9.33489930    0.78775225  -16.71290750
 -9.49326715    1.69898625  -14.84231170
 -9.58022353    8.62905725  -12.71480400
-10.92418316   15.32304725   -4.38934670
-10.89776755   16.99665425   -4.55962990
-10.39890551   13.21497325   -9.56392080
 -9.95314464    8.79002925   -8.71511660
-10.48960235    8.44373725   -5.98942733
-10.92418316   12.25738525   -4.75882540
-10.52935621    6.61346225   -3.84473120
-10.44825904    0.21397225   -5.82940710
-11.08467075    1.69898625   -3.63812910
 -8.04507440   12.09409325    0.03920570
 -5.04354850   15.06412125   -2.82487090
 -7.56652820   15.00984925   -1.70003500
 -8.56323230   18.34272425   -3.84473120
 -9.91744366   17.93056525   -3.12983240
-11.04739782   15.06412125   -6.18097424
-10.75401840   12.09409325   -7.35206180
 -9.93616131   10.11407125  -14.12920790
 -9.86551508    9.08663925  -15.99800950
 -9.96168658    6.58292925  -17.42780650
-10.10368827    4.53960425  -20.28740250
-11.13341752    7.81453925  -23.14699650
-10.62839931    3.67900625  -23.66794250
-10.86016739    5.94405025  -23.14699650
-12.31821340    4.66901825  -27.27050850
-12.35670460    6.41712025  -26.72148950
-12.82241220    5.65902725  -28.88170750
-12.53523100    8.62905725  -27.31051550
-12.05300000   16.02997625  -23.86189550
-11.74329820   16.60256625  -26.72148950
-11.10849586   17.53915025  -26.20550250
-11.89522160   14.01271025  -22.56927350
-12.09172870   16.05413425  -21.38810850
-11.89522160   10.03024325  -24.32535250
-10.82992977   10.29872125  -21.00230050
-11.69001080   13.57910925  -19.57506750
-11.93579270   17.04414325  -19.20537750
-11.44021037   14.56123725  -17.42780650
-12.12975110   18.40194725  -17.42780650
-12.00463930   19.51916925  -18.62381950
-11.97601850   19.02416225  -16.41705350
-11.89522160   16.71118525  -15.79724970
-11.78890970   18.03415325  -15.41091050
 -8.22564330   19.04521925  -11.70861710
-11.10066733   16.05413425   -7.18926451
-11.21066061   16.54913725   -5.79229537
 -9.99047437   19.02416225   -4.09945280
 -9.95314464   16.17020825   -2.19459140
-10.66049385   10.11407125   -2.72805910
 -9.95314464    9.72211625   -0.52664460
 -9.06473010   12.09409325   -0.55135570
 -8.49658680   13.72055425   -0.41124430
 -8.94965270    8.37832225    0.51883380
 -4.54571520   11.10408425   -1.03387290
 -7.03227920    6.18375825   -0.32800950
 -4.82480660    8.32177925   -0.11035860
 -2.06439200   15.12628225   -3.84473120
  7.04003000   16.89768625   -5.43166790
  7.46818600   17.94336725   -7.41922470
 11.40970200   20.79633725  -10.71663750
 13.54493500   18.52915925   -9.60160270
 13.95574000   17.04414325  -10.79836160
 13.29452100   19.02416225  -12.01200280
 14.21287000   15.34400525  -10.27881970
 15.29385600   11.02592125   -5.70560429
 14.54945400    8.31545825   -7.41922470
 14.32281900    6.23269325   -8.63709720
 15.19690300    3.71251725   -7.41922470
 15.14884000   14.07411225   -5.59364835
 14.31073000   16.05413425   -5.60158537
 14.32281900   16.68508125   -7.59848140
 13.41537700   18.03415325   -6.40559177
 14.56920600   14.07411225   -8.31667890
 13.70287900    8.84952525   -9.56392080
 14.32281900    3.94225925   -9.67669690
 13.83729900   12.79307925  -10.50786190
 14.02613600   15.06412125  -12.39738550
 13.70902500   16.78567125  -13.13841470
 13.73663900   16.05413425  -14.79581910
 13.83236900    3.60978125  -11.70861710
 12.86626100   10.45598625  -15.90071190
 12.86626100   10.50096125  -17.70302150
 13.01781900   12.09409325  -17.38006750
 13.34390600   12.58909625  -19.37916450
 12.86626100   11.31613525  -18.13658050
 12.66016400   10.11407125  -18.70359450
 12.86626100    8.32245025  -19.29289350
 13.29441300   10.60907725  -23.10319050
 13.58096700   12.09409325  -22.30886850
 13.38037500   14.34228525  -21.71719950
 12.97017300   17.41468825  -21.00230050
 13.33463100    9.73073925  -24.57679450
 13.30379900   16.05413425  -23.79950950
 12.28960000   18.22864125  -25.29169350
 13.35034400   12.09409325  -29.10830950
 13.69740900    9.61906825  -28.69973850
 13.43022400    7.25573925  -29.58108450
 13.48205800    4.66901825  -29.28178150
 13.35178000    6.60762625  -31.78885750
 12.38074100    4.19309825  -32.60013050
 10.92418300    4.31792825  -33.43446450
  9.45665200    5.16402225  -33.44180350
  9.56185900    0.41428525  -33.87047650
  8.01106800    1.52666625  -33.77048050
  7.04003000    1.09514625  -33.69328050
  5.62848900    2.19399125  -33.65711450
  8.89447400    3.67900625  -33.54933250
 12.38074100    6.69062225  -32.33595950
 12.74741900    8.13405225  -32.27495250
 13.35178000    8.35047925  -31.29553450
 13.62960400   10.50481025  -27.43638850
 13.19757300   14.91576725  -28.86618650
 13.03571300   13.08410225  -30.91239850
  9.95314400   12.85921825  -31.22222750
 10.43866400    9.84932525  -32.58359950
 12.86626100   10.66820525  -32.25027150
 13.40811200    9.61544625  -31.72578150
 13.41174300   10.11407125  -30.50311550
 13.00545700   16.54913725  -27.20232250
  8.95192900   17.04414325  -26.98104150
  7.71740000   14.56911825  -28.86374150
  8.49658800   14.97594825  -29.14457950
  7.59520300   16.05413425  -26.85838750
  5.86765900   15.06412125  -27.86453350
  4.48608000   14.56911825  -27.83327750
  5.58347100   16.44054825  -24.98153050
  3.64139500   16.24617425  -24.47330750
  7.04003000   17.18431525  -24.26929350
  2.20572700   18.52915925  -15.98656640
  0.90629700   18.03415325  -17.12281150
  3.64139500   17.90259525  -18.68170050
  8.34807200   20.50917825  -16.15110380
 10.02702700   21.00418525  -16.65036950
 12.40659700   20.01417525  -16.00976740
 12.12148300   20.01417525  -19.56860550
 11.77850400   19.39196025  -22.43209750
  9.61532000   20.01417525  -20.82370050
  8.98210700   18.51432425  -24.38888250
  9.95314400   20.96045325  -18.24829850
 13.09031300   18.03415325  -18.20380650
 13.35178000   14.56988525  -18.58967450
 13.49389800   15.80534025  -17.42780650
 12.86626100   19.46569025  -14.20712220
 12.38074100   20.24977125  -12.17257200
  9.46762500   20.95354125  -14.01282920
  7.77283300   19.02416225   -9.50258220
 12.38074100   19.72856925   -8.15888410
 13.35872800   18.52915925   -7.80432270
 12.38074100   19.22943925   -6.38585979
 11.69583900   17.53915025   -3.09772190
 10.92418300   18.28184125   -4.06035290
  7.71114400   16.54913725   -2.66931850
 10.92418300   16.94063625   -1.64854610
 13.35178000   16.96830425   -3.60029750
 14.21068600   15.06412125   -3.61953200
 16.26489500   10.50761825   -4.10101730
 14.35800200   11.55904425   -8.13412350
 12.67785300   17.92834525   -4.55962990
 11.40970200   18.80712525   -5.09959220
  5.58347100   15.93313225   -3.14954600
  2.83635900   15.82687425   -3.84473120
  3.15587500   16.66626325   -6.22124481
  5.63379700   17.28380225   -7.41922470
  8.49658800   19.98010625  -11.14803250
  4.17843600   18.52915925  -13.50450170
  7.05734800   19.39653025  -13.13841470
 -5.01753320   20.16785825  -10.27881970
 -0.72827900   18.20894625   -9.62225110
 -3.24019610   17.04414325   -5.47110490
 -8.37209220   17.04414325   -2.38003980
-10.43866389   13.60141425   -2.09773810
-10.45017802   11.59908725   -2.14787420
-10.59169316    7.14404325   -1.70199570
 -9.95314464    2.20448925   -1.24953300
-10.92418316    4.77932325   -2.87165990
 -6.83287180    1.20398125   -2.06100260
 -4.60927430    0.70897725   -2.46868830
 -6.36946430   -2.26105275   -2.80030360
 -5.45457350   -4.24107375   -2.57000790
 -5.55537740   -5.83229675   -2.46867550
 -3.62119330   -5.01178175   -2.71855010
 -3.22912830   -6.87982175   -2.57195240
  2.63258700  -10.14073375   -1.66556250
 -1.56635180  -13.15116495    2.39775000
 -3.73386180  -11.29060075    6.16385050
 -4.02994910  -12.05432595    4.73405350
 -5.09795230  -13.35569945    5.40817750
 -4.61243290  -15.27131835    8.07484250
 -6.55450980  -15.24129815    9.57467350
-10.74709460  -15.58595225   11.16814150
 -9.21065140  -15.13118545   10.12844050
 -8.01106750  -15.47714415   11.07578750
 -7.04002920  -15.35606615   11.57518350
-11.64266390  -16.34931845   13.31283850
-12.37473120  -17.11120555   15.04117350
-15.29385650  -16.74989595   15.53476850
-19.66352930  -15.91155995   14.52961250
-16.67119300  -16.07538505   14.74263450
-14.32281800  -16.72384255   15.08352950
-14.80833710  -17.94919725   17.08845850
 -9.95314464  -16.35496755   15.08731550
-10.96786490  -16.12119575   16.27623650
-12.46466060  -16.12119575   17.22418150
-12.86626020  -13.62860295   18.06406750
-10.96786490  -12.65616025   18.09634350
-10.96786490  -14.46952385   16.88733250
 -9.30395920   -8.02480275   21.17672450
 -8.68871420   -5.72608975   24.55873050
 -6.77834430   -6.79642875   24.75121750
 -9.46762540   -6.85069675   22.96989150
-11.89522160   -2.76621775   21.58540050
-10.84761438   -4.73607975   19.58302250
-11.89522160   -5.23728775   16.79900250
-11.18588182   -2.75605975   19.76388850
-11.38359437   -1.27104375   19.32167550
-11.03529313   -1.23683875   17.60223150
-12.38074090    0.64673225   18.73146750
-14.04379260    3.18400225   19.18686050
-10.92418316    2.76308425   19.07757150
 -9.37402100    1.09207325   21.17672450
 -7.54724110    1.74525225   19.03202750
 -5.58347120    1.34755925   18.60107350
 -3.97479480    0.34335125   19.03202750
 -5.03911490    2.36234125   16.88733250
 -3.50098890    1.20398125   16.48101550
 -5.04354850    4.17401125   15.64688050
 -5.09795230    7.41429525   15.90079750
 -7.54724110    8.13405225   16.79267650
 -7.00722520    4.00288025   16.88733250
 -6.54443350    6.15403225   16.81849350
 -8.98210610    4.35813125   17.76680250
 -6.75592180    0.83110025   21.17672450
 -5.58347120    0.15608425   22.53039250
 -3.87187520   -0.28103475   21.81589050
  0.64692900   -1.76604875   24.54212850
 -1.70627780   -1.27104375   24.41910250
 -2.79849040   -1.31449875   26.89591350
 -0.85778510   -1.72963175   26.89591350
  0.61472400   -2.27014575   28.32571150
  0.95170500   -2.15034275   26.89591350
 -2.18483630   -0.94347975   22.94089450
 -0.72827900   -1.51715475   21.94743250
 -4.79948990    0.41526025   20.46182550
 -6.54443350    2.39858225   17.60223150
 -6.28595490    9.12406125   14.77702450
-10.89805767    9.12406125   11.42118150
 -8.49658680    9.62986225   11.89630850
 -7.04002920    9.68686525   11.01424850
 -4.12691350    9.27490425   14.45602350
 -4.81993090    9.75664325   12.59793950
 -6.55450980    9.43133725   13.18225250
 -4.23842370    9.57855625   11.16814150
-10.92418316    8.03673025   10.23470250
 -8.49658680    8.37889725    9.84916450
 -6.47356640    8.53769725    9.73834550
 -4.09155500    7.14404325    8.25735350
 -6.06899060    6.13472925    8.99150250
 -2.08775230    5.65902725    6.46541450
 -2.67035570   10.12905525    8.04798950
 -1.21400440   11.59908725    9.03345050
  0.93460100   13.08913425    7.59364850
  1.69931700   12.47396125    9.82572850
  0.45452900   12.09409325    9.44511050
  1.43364300   11.59908725   10.77450250
 -0.24276000   11.48791525   10.63063150
 -0.72827900   13.15971425    7.01476250
 -1.03746120   12.32727425    8.30854750
  1.21379900   12.66569125    9.21389750
  5.09795200   17.03616325   12.17099150
  6.06899100   18.50317025   11.85314650
  4.93685900   17.53915025   11.58787050
  3.93179300   18.03415325   10.92544650
  3.95305500   21.00418525   10.53288750
  4.54339100   22.98420325   10.08811650
  3.64139500   21.67888625    9.54497550
  3.47519100   18.03415325    6.97156750
  1.45247200   14.56911825    6.79992550
  0.78918600   16.54913725    8.17918350
  6.06899100   20.07513425    7.01379550
  3.64139500   -2.85115975   31.62448250
  2.67035600   -4.97181075   31.02197350
  0.72827900   -4.77243575   32.43333950
  1.69931700   -5.08138675   31.52124550
 -0.27585700   -2.30779475   31.90020450
  1.49975600   -2.71030575   31.90020450
  1.69931700   -2.09683975   31.62116750
 -1.21379840   -4.88757875   33.03394050
 -4.99581900   -4.73607975   33.95554450
 -1.69931690   -2.93358975   32.85949450
 -3.49899280   -3.74606875   33.85630150
 -4.01005880   -2.26105275   32.96301750
 -3.97698820   -1.76604875   33.11919550
 -4.61243290   -2.44876275   33.58969650
 -6.00061030   -3.68376375   34.04490050
 -8.49658680   -3.84920275   34.20264950
 -9.46762540   -1.74446875   33.95467450
 -8.49591060   -5.23108475   34.17270350
-12.38074090   -6.81433075   34.01413850
-11.40970239   -7.51435975   33.04243950
 -9.85105792   -5.84771675   34.04490050
 -7.52554840   -2.12759575   33.71703850
 -3.15587510   -5.69159475   33.01053350
  0.24276000   -5.48825975   30.01085050
 -1.68465320   -5.72608975   26.51290250
 -5.09795230   -6.39384675   30.01390150
 -6.06899060   -6.54687475   29.01841450
 -9.50073233   -7.40419675   33.33000250
 -7.04002920   -6.81034075   32.51704850
 -7.65555160   -5.23108475   33.83244850
 -8.49658680   -6.57253375   33.65556450
 -8.21091190   -7.21110475   32.24274550
 -3.15587510   -5.94493475   27.01036950
  1.21379900   -4.98261475   26.52146250
  3.64139500   -4.72938575   26.02127950
  5.09795200   -4.56983975   26.02105050
  6.27498100   -3.25727675   25.46611750
  4.25007000   -4.73607975   21.52299050
  5.09795200   -2.15558575   23.09061150
  5.25631400   -1.68065075   19.03202750
  6.06899100   -1.78422575   16.82076950
  3.99350000   -1.12164275   16.88733250
 -1.04306020    0.83526425   14.74263450
 -1.54495230    2.19399125   13.90313250
 -0.04126000    2.68899725   13.59742650
  0.99783300    3.67900625   13.29321250
 -2.04306020    6.15403225   14.99541550
 -1.04306020    5.65902725   14.51177550
  1.45831300    4.66901825   13.29619850
  2.95718400    6.15403225   14.09346150
 -0.04126000    5.65902725   14.00400850
  2.18483600    6.53683825   13.96209050
  3.95236200    6.64903625   14.29686450
  6.55451000    7.10328325   14.06127650
  5.09795200   10.33722725   14.61859450
  6.54334500   11.59908725   14.62829550
  7.95601100   11.42440025   17.60223150
  3.95236200    8.62905725   15.47071750
  8.61031200   14.07411225   15.59893950
  6.45730600   10.47623425   16.17243350
  5.95871000    9.61906825   16.75258350
  7.17793300    2.68899725    7.92575150
  6.55451000    1.89451025   10.52695750
  4.29607800   -1.09914775    9.76130550
  0.72827900   -0.60503775    9.73149050
 -0.15475400   -2.26105275    9.88154950
 -1.21379840   -4.02556175    9.76761350
  1.69931700   -2.70621475    9.69366550
  6.03840100   -5.23108475    9.83808050
  6.76236200   -7.53666575    7.26894450
  7.26849200   -8.74760275    5.92337950
  8.77710000   -8.64422575    6.12035950
  7.37966200   -7.70610975    9.04718250
  5.11172100   -1.55615275   10.45324250
  4.95642100    2.19399125   11.24870750
  2.91410600    2.19399125   13.52387150
  0.95565800    1.20398125   14.14654650
 -0.19042800    0.01428425   16.17243350
  1.49975600   -0.28103475   15.68549050
  1.69931700    2.48651125   13.44422850
  2.67035600    3.95457425   13.11733150
  5.45300300    4.66901825   12.09269850
  9.22592600    7.55673025   11.97923150
  8.38457700    4.80211625   10.19387550
 11.06442100    8.65620825   16.40688050
 14.59000000    8.78527125   13.96817150
 17.13431600    8.92740225   16.30116750
 17.71146800    9.32523725   19.74692650
 17.92025000   14.07411225   20.79630550
 16.41714500   15.06412125   21.01931350
 16.75041400   11.41172425   20.43391750
 14.45373500   11.10408425   20.66077550
 14.32281900   13.14157125   20.91599150
 13.43316700   15.06412125   20.69025550
 14.24441700   16.23509225   19.74692650
 13.99717700   15.51511425   15.45753350
 14.80833800   15.89012925   16.97699650
 18.69249200   15.10115825   15.36165950
 20.88544900   14.07411225   14.84569050
 21.06267200   14.18507725   13.31283850
 19.66353000   14.59419625   13.70658450
 21.72871000   13.22545625   15.45753350
 20.90582900   11.59908725   17.02023250
 20.95336900    9.61906825   17.49133050
 12.70993200   16.05413425   19.09054850
 16.26489500   16.52351025   19.08927850
 16.63038100   16.05413425   16.90946850
 17.42364300   16.54913725   18.62341450
 15.77937500   15.46003725   15.52076850
 14.89816700   15.06412125   12.25020350
 13.35178000   14.89534025   13.25482650
 19.66353000   13.60845925    9.30421250
 21.12930100   12.58909625    8.44500350
 22.09112600   11.36646325    9.02510450
 22.69564800    9.96189725   10.45324250
 21.45398000    8.59522225   11.16814150
 16.92903900    9.61906825    4.50245450
 20.14635700   10.11407125    6.69415050
 21.04395900    9.61906825    7.50017050
 18.69249200    6.53073125    8.77240950
 16.45779400    7.63904725    9.63135750
 18.42950600    5.65902725    7.71821450
 20.45373500    8.42346425   11.16814150
 21.55991000    8.83029525   12.02939750
 22.45498700    8.90651125   11.88304050
 21.45398000    7.60549525    9.02344550
 16.42285900    5.07712225    8.03639750
 14.23209200    5.51000225    4.99470750
 15.87309700    7.60341425    4.78419650
 17.19484900    7.09706925    6.34638050
 18.76773700    8.59227725    6.11621250
 18.69249200   11.43094225    5.37269750
 11.80909200    5.37615225    5.78110150
  9.70703700    5.38084425    5.77069350
 13.68354200    7.69150525    4.05247850
 13.84558300    5.74287625    5.61890850
 15.13258400    6.08088325    5.44895150
 12.47296200    5.65902725    6.71030450
 11.54322100    4.97202925    9.32293150
 13.45550500    8.66181225   20.46182550
 15.77937500    9.92064525   20.69511350
 18.20697200   12.02864125   19.81638650
 19.17801100    9.99033525   19.09990450
 20.14435200   13.08410225   18.21314550
 19.53809600   14.56911825   18.40913350
 20.58412400   14.10396625   16.88733250
 18.75769600   16.00339525   19.03202750
 18.20697200   16.07434825   16.97544750
 22.57664500   12.81843225   14.81659650
 22.36813700   13.08410225   13.56698350
 21.66074800   13.57910925   14.20650450
 23.00133100   12.20243825   14.02773550
 22.74485000   10.60907725   14.09785750
 24.03320300   11.46440525   12.82520750
 23.34458200   11.59908725   11.28886750
 22.91777400   12.58909625   13.01538550
 20.05440000   12.00828525    6.87874950
 18.00337200   13.57910925    7.39639850
 17.23593300   14.27703825    8.63441750
 15.27340900   14.93876225    8.30854750
 15.29385600   15.32085825   10.33078650
 13.35178000   16.36862525    9.23480350
 12.76876500   18.52915925    7.19312750
 12.46283300   19.51916925    7.18917550
  9.95314400   16.94956625    4.21389750
  7.80992100   16.81803925    3.30425560
  2.05774900   14.56911825    2.06909290
  5.58347100   16.11444525    1.86284750
  4.12691400   16.04940025    3.79252150
  2.18483600   14.71730825    4.61463050
  1.69931700   18.19950825    8.16177250
  2.67622400   13.57910925   10.00457350
  3.15587500   12.25180425   11.82318450
  4.43610000   11.97324425   12.59793950
  4.12691400   14.37162825   11.45000750
  2.95172800   14.56911825   11.30402650
  6.06899100   15.95623825   13.17852550
  7.45324700   15.08630725   14.74263450
  7.43573000   16.49662425   12.59793950
  7.52554900   20.50532925   12.29331850
  7.52554900   22.95017625   12.70999450
  8.03486100   23.47921025   11.29094250
  8.49658800   22.56208825   12.67998250
  8.49658800   20.55960825   11.84254150
  9.43267800   21.99419425   12.04382250
  8.98210700   17.13906525   11.96587450
  8.38106400   19.02416225   11.59378150
  9.13531300   19.51916925   11.19243350
 10.43393100   17.39574825   10.45324250
 10.93533300   20.01417525   10.72238650
 11.93457000   15.55912825   11.29760650
 10.92418300   15.99354525   12.60311450
 17.41409900   15.06412125   10.61815350
 19.56696900   14.54081725   11.16814150
 18.46827300   14.77184325   12.59793950
 22.34260600   13.43636725   12.59793950
 22.57664500   12.98133525   10.43254150
 23.06216400   11.59179725   10.02440950
 22.54166000    9.61906825   12.90100350
 20.53285000    9.27932125   15.37093650
 15.86219600    9.15158125   19.04718550
 12.12559700    9.12406125   19.00873150
 12.01118500   10.60907725   19.91859550
  9.46762500    9.82034325   18.68903650
  8.45755000    8.52852225   16.88733250
  8.45755000   11.10408425   18.77288950
  8.93432600   12.89804825   17.60223150
  9.74804500   12.09409325   19.06585850
 11.89522200   13.28574025   20.38132250
 11.35585000   14.56911825   19.64006950
 10.43866400   15.35058225   16.61864550
  9.26220500   16.05413425   14.85291750
 17.42775500   15.03981025   14.02773550
 11.40970200   15.37039225   13.80353850
  7.43573000   18.52915925   12.01861650
  5.96736700   20.77288425   11.88304050
  5.09795200   21.99271025   11.32442750
  5.13817700   22.22159925    9.02344550
  6.06899100   24.35544225   10.19166450
  6.55451000   23.98447825   10.97118850
  6.71538000   22.97579225    9.02344550
  8.87101800   22.06233225    8.30854750
 10.88192800   22.48920025    8.73428050
 11.34119200   21.69331325    8.30854750
 11.40970200   20.37942925    7.31504250
 13.08135000   20.01417525    8.38422350
 11.74609400   22.48920025    8.97951750
 12.15211100   21.60277225    8.30854750
 10.43866400   20.35319125    6.97073150
  9.83560400   15.91812525    2.58935750
 12.38074100   15.52267425    0.68449370
 13.98428900   15.01779925    1.87445850
 12.38074100   16.18435325    5.08633150
 10.92418300   16.12183425    3.76253350
 11.89522200   21.56193925    9.88725050
 12.62756700   18.03415325    8.79756950
 12.65137300   20.82478725    9.73834550
 10.43866400   22.63721825   10.37826850
  8.98210700   23.12882225   10.23302950
  7.80277800   23.47921025   10.50399150
  8.98210700   20.12854025    6.65163750
  6.55451000   17.72652025    4.59931450
  4.61243300   18.99378225    6.90530650
  4.94674600   20.50917825    7.87284950
  8.31693100   17.88317125    4.73405350
  9.95314400   18.20204525    5.60642750
 11.24150100   18.03415325    5.93452850
 12.55167200   17.16037725    6.16385050
 13.43477300   16.53960425    7.59364850
 14.32281900   15.96331825    8.60609950
 15.79717300   14.56911825    6.41017050
 13.35178000   14.76737225    5.24446750
 13.80089000   15.55912825    6.80444950
 14.55809400   14.06430425    3.30425560
 13.46724500   12.09409325    1.61909020
 13.87281200   13.57910925    0.81400500
 12.38074100   15.32258625    3.28883850
  6.06899100   15.92224925    0.63141930
  9.53022800   17.41395225   -3.12983240
 10.43866400   16.31076025   -0.41754660
 13.91293900   15.55912825    0.00450670
 12.86626100   15.66399025   -1.74745260
 -0.24276000   16.28414925   -5.02345620
  3.11828900   17.52679025   -8.84902220
  2.18483600   18.04840125  -10.98960910
  6.08658800   18.60092525  -10.99371850
  0.72827900   17.12303525   -7.69194340
 -4.12691350   18.69575925   -7.43269410
 -6.19186540   19.51916925   -6.32178058
 -6.00762020   18.03415325   -4.92081580
 -1.69931690   17.59280825   -7.36603600
  1.06392900   15.05523725   -2.41493380
  3.15587500   15.29192025   -0.60283690
  0.72827900   13.40940825    2.74540150
 -0.01040300   12.09409325    2.24372020
 -0.30506400   11.67291225    3.30425560
  1.64553500    7.45245925    4.70617750
  3.08510200    6.35297425    5.07541450
  3.15587500    7.78417425    3.27927220
  4.91215900    3.54292925   -2.41447050
  4.38100800    5.24236125   -1.37258180
 -2.26671970    3.84113525   -1.70491110
 -0.20515200    6.32198925   -0.41639080
 -4.54071560    2.88584925   -1.95320450
 -4.37950790    5.21007525   -0.85594830
 -7.34072200    3.66747625   -0.98513640
 -9.46762540    4.45495225   -0.56097350
-11.37289366    3.18400225   -2.05474410
-10.30505513   -0.77603875   -3.01821500
 -9.15314130   -1.12760575  -15.28311050
 -9.62785021   -7.70610975  -14.74684610
 -9.95314464  -14.00872415  -16.47883050
 -9.48032901  -11.34407675  -14.56821240
 -9.40730480   -7.21110475  -11.35029160
 -9.69533405   -4.73607975   -9.97353280
 -9.60948882   -4.89694575  -13.13841470
 -9.97554353   -6.71609975  -17.35493050
 -9.90031400   -9.19112475  -18.13305850
-11.16291991  -19.58623095  -17.21897150
-11.22500816  -18.10121575  -17.43263050
-11.43201247  -16.13228555  -18.85760350
 -8.01106750  -24.31025335  -15.09387380
 -6.55450980  -23.61200285  -12.07830750
 -8.98210610  -24.17234465  -10.86384330
-10.43866389  -23.43299585  -11.58434190
 -8.93948150  -20.26660875   -5.27452860
 -7.52554840  -21.11484443   -6.38239408
 -7.46670520  -20.31447465   -4.55962990
-10.37781681  -20.02602315   -6.70432604
-10.61609370  -19.07964655   -9.56392080
 -9.35909430  -24.18666025  -13.13841470
-11.03230348  -20.42813235  -13.85331330
-10.40376434  -23.54395585  -15.99800950
 -8.52984310  -23.39894715  -19.57250250
 -7.16190380  -22.55626129  -20.37885950
 -5.03182880  -21.56625118  -19.87793950
 -8.55598290  -22.13356452  -22.43209750
 -7.72525210  -19.58623095  -25.96520850
 -6.55450980  -19.97375095  -24.39059350
 -8.79228250  -20.08123595  -25.89312050
 -8.21128530  -20.57624105  -24.88663350
 -9.95314464  -21.49160348  -24.06678650
-10.97553227  -21.85797228  -23.14699650
-12.04727310  -20.32622745  -23.86189550
 -8.90955830  -18.94569695  -27.43638850
 -8.01106750  -18.53353635  -27.60442650
 -5.09795230  -18.51171845  -24.90248950
 -0.17607200  -17.42625375  -24.57679450
 -2.18483630  -17.42586705  -25.39696950
  1.69931700  -18.86407605  -20.88116250
  4.30753500  -18.59622085  -21.66205950
 -2.67035570  -18.55335655  -23.39450950
 -4.61243290  -19.40144365  -22.80456050
 -3.39578000  -20.08123595  -20.88749550
 -2.90867420  -20.57624105  -19.37526650
 -1.35687340  -19.58623095  -20.39590950
  4.42064500  -19.58623095  -18.87805450
  7.54524000  -20.57624105  -17.33919650
 11.89522200  -22.36384498  -15.09795840
  9.95314400  -22.26298730  -15.85462560
 12.38074100  -21.69908657  -18.89500350
 10.65672700  -22.35724868  -18.14270550
  6.55451000  -20.32998565  -11.86713110
  3.64139500  -19.80464905  -11.37796240
  1.80649100  -20.03488055  -11.70861710
 -3.15587510  -21.31536357  -11.38176620
 -5.21258350  -23.05126635  -14.36954200
 -4.96203600  -22.23755140  -10.99371850
 -4.12691350  -21.10416978   -9.38379230
 -4.46621700  -19.09122575   -6.46064887
 -1.71307270  -20.08123595   -8.38606150
 -0.12106800  -19.90794035   -9.56392080
 -0.24276000  -20.52665965  -15.87959180
 -3.15587510  -21.48824124  -16.86989150
 -6.14361940  -21.56625118  -21.38053250
 -7.52554840  -21.18138574  -23.55912850
 -8.74897340  -21.07124608  -24.47638450
-10.78589747  -20.15529445  -26.00659050
-11.94342580  -17.11120555  -23.04489750
-10.61492469   -9.26898475  -21.71719950
-10.43866389   -3.92140175  -21.78473550
-10.58117246   -2.26105275  -22.00213750
-10.15034366   -4.24107375  -19.38582750
 -9.65660891   -3.97538575  -15.28311050
-10.16043091  -11.17114575  -19.50454950
-12.22905850  -12.60655875  -24.57679450
-12.63890190  -15.62619055  -27.26031350
-10.92418316  -18.39954275  -28.40544450
-11.32255945  -16.31613195  -29.58108450
-12.38828110  -14.14117515  -29.27489950
-10.74669618   -6.71609975  -21.55523450
-11.40970239  -14.57372995  -21.07449250
-12.25950940  -18.16313785  -25.29169350
-12.01849800  -15.12387365  -24.57679450
-10.43866389  -23.08851375  -20.87092850
-11.64003790  -21.56625118  -21.80024650
-11.45757488  -18.35994375  -19.57250250
-11.57692860  -17.09458205  -21.00230050
-11.67475040  -18.29069725  -21.71719950
-11.89522160  -21.22113185  -19.85178550
-11.26886538  -22.63725900  -18.85760350
-10.92418316  -23.26514325  -18.37664650
-11.37944988  -22.32021971  -17.42780650
 -9.09884320  -23.57745615  -17.42780650
 -5.34065570  -22.73280023  -16.71290750
 -6.55450980  -23.44004675  -16.28092080
 -6.76202930  -23.05126635  -18.37562950
 -5.09795230  -22.36990233  -18.08322150
 -1.69931690  -20.47653445  -18.39040150
  1.42698800  -19.58623095  -17.83071450
  1.21379900  -17.86497635  -23.39156850
 -0.72827900  -18.51397175  -22.39533350
  9.95314400  -18.00713985  -26.88377650
  2.24827900  -16.12119575  -26.93205150
  6.55451000  -16.06716955  -27.62905050
  4.05148700  -16.16230675  -27.43638850
 -0.24120900  -15.13118545  -28.40808550
  1.69931700  -14.90748825  -28.41008650
 -2.51530160  -14.36550655  -29.58108450
 -1.91269870  -16.12119575  -27.41451550
 -5.84510270  -15.62619055  -29.41119850
 -6.55450980  -17.11800425  -28.19940050
 -8.49658680  -15.42536825  -30.42435950
 -9.95314464  -16.33690395  -29.70782550
 -9.46762540  -13.81388375  -31.71352850
 -6.55450980  -13.52610965  -31.54416550
  0.30743200  -13.64617055  -29.57047550
  0.79760600  -11.66614975  -30.78056650
 -1.70791710  -12.16115465  -30.97018150
 -4.12691350   -9.65716675  -32.91762650
 -5.87288180  -11.17114575  -32.66264050
 13.83729900   -0.43292775  -32.48979250
 11.60491400    2.68899725  -33.31569150
  4.57714800   -3.74606875  -33.60209750
  6.06899100   -3.35298175  -33.63471450
  9.54458800   -6.22109375  -33.26596350
  8.49658800   -4.52928175  -33.58774650
 11.04062700   -4.24107375  -33.71939950
 12.38074100   -4.81601175  -33.25116050
 12.76017800   -2.26105275  -33.47023850
 12.22799900    0.21397225  -33.49627150
 10.92418300   -0.69169375  -33.67950950
  9.95314400   -1.62381175  -33.75667450
 13.53695900    4.17401125  -31.27907850
 10.92418300    5.81866825  -33.24255450
  9.46762500    7.91757025  -32.92679850
  9.46762500    8.91840325  -32.70843050
  6.33215700    9.61906825  -31.75029850
  2.67035600    9.70148525  -31.78760050
  3.98966000   11.59908725  -30.47192250
  4.12691400   10.25778625  -30.77885350
  5.09795200   12.20813425  -30.13720050
  7.52554900   11.84612625  -31.27015750
  8.01106800   10.00706825  -31.91571150
  8.74409500   12.09409325  -31.73782450
 10.43866400   15.46294425  -29.25566750
 13.34029000   14.07411225  -25.11783250
 13.60841000   11.78873025  -25.29169350
 12.52249200    2.68899725  -24.27312950
 12.63191600    7.63904725  -25.09265550
 12.38074100   -0.86438375  -24.62447850
 12.27480300    1.43463125  -26.00659050
 12.63486700    4.17401125  -26.27996750
 13.05795700   -2.44381475  -29.58108450
 13.57102600    1.69898625  -31.08544250
 13.05251100    3.06879225  -28.86618650
 13.82288000   -5.46103675  -31.72578150
  1.69931700   -8.08678575  -32.29281650
  6.44035700  -10.67613975  -31.03246350
  4.52762700  -11.66614975  -30.44115750
 10.92418300  -11.28068775  -31.28287750
  9.46762500  -11.67356975  -31.36219650
 12.86626100  -11.43319175  -30.74060950
 13.42776500   -8.20111475  -31.35031050
 11.89522200   -9.82349275  -32.05292050
  8.68409700  -10.18113475  -31.67571550
  7.52554900   -8.51403275  -31.95576950
 10.43866400   -8.70181075  -32.81906950
 13.35178000   -6.34766975  -29.10196050
 13.99868800  -10.18113475  -30.41332550
 12.19947800   -4.24107375  -25.16487950
 12.52468100   -2.35862175  -23.14699650
 12.73637200   -1.28888475  -21.71719950
 12.81444000   -2.50877975  -19.57250250
 12.88825400   -8.69611875  -19.55362450
 12.86626100  -10.51123375  -17.93994250
 13.12453500  -12.65616025  -16.33175250
 13.80032400  -16.61620035  -18.31429850
 14.07939500  -17.60621065  -16.31311780
 13.39269300  -20.50034125  -16.71290750
 13.65490500  -20.81124045  -13.13841470
 13.24695600  -14.63618035  -15.32188590
 12.94242300  -10.18113475  -14.53833760
 12.86626100   -1.96280275  -16.37385150
 12.62479200    0.21397225  -19.38171450
 12.72023600    2.19399125  -21.27188050
 12.68049600    3.84514625  -21.71719950
 12.57260700    6.15403225  -21.28748250
 12.60041100    5.16402225  -23.68644050
 12.49182900    8.23931325  -22.43209750
 12.84378100    1.20398125  -16.99184450
 12.78962100    2.68899725  -19.27075450
 12.74571000    5.65902725  -19.48919550
 13.09383200    6.55670325  -17.42780650
 12.88003400    9.12406125  -17.89954350
 14.09616500   -4.73607975  -10.96466480
 16.31235100   -4.24107375   -6.16433216
 16.54516400   -2.34563775   -5.27452860
 15.49615500   -2.75605975   -4.55775470
 12.38074100   -4.65053175   -2.76587400
 12.49691800   -2.26105275   -3.77635750
 10.43866400   -2.24361175   -3.37387290
 10.92418300   -0.36618775   -3.41512930
  9.87177700    5.97591025   -0.88037480
  5.32334900    7.15500825    0.34178940
  3.04217400    7.63904725    0.79084980
  7.84390500    4.40481725   -1.82568300
  8.49658800    0.41845525   -3.31785550
  9.99908500    2.19399125   -2.61080630
 10.43866400    3.79332525   -1.99722660
 13.35178000    1.08220825   -2.98063220
 15.77937500    0.25993725   -4.06068220
 13.49997000    2.68899725   -2.13408310
 11.99630700    1.69898625   -2.41717370
  7.99374400   -6.71609975   -3.49520450
  7.04003000    0.02925325   -3.67572030
  7.52554900    1.71543525   -3.09431350
 -2.48398870   -1.00077275   -3.12983240
 -2.00390520    1.19447725   -2.83927160
  5.88126800   -1.19848975   -4.03950220
  1.96731400    2.88104225   -2.50506240
  4.16943800   -2.35538675   -3.98930060
  0.39580800   -6.87647975   -3.01074370
 -1.21479220   -2.72076175   -3.60867750
  0.59595700   -1.52403775   -3.63694990
  4.21198400   -0.06665175   -3.63829650
  7.49920700   -4.20317975   -3.84473120
  7.49920700   -1.76604875   -4.12754210
  9.46762500   -3.81182875   -3.57507500
  8.98210700   -8.91776675   -2.94313130
  9.95314400   -6.47304275   -3.04394590
 17.33360300   -8.84495575   -4.55962990
 15.77937500   -9.82255575   -6.94381026
 16.43626600  -12.16452305   -5.98942733
 13.87457900  -15.56383415  -13.13841470
 13.35178000  -12.15181625  -12.53226600
 14.75962600  -17.11120555  -10.52040420
 12.86301000  -21.82609889  -11.70861710
 10.10331200  -22.25079187  -13.13841470
  9.95314400  -21.59810968  -10.24214490
  8.43504000  -21.07124608  -11.86087740
  8.01106800  -20.95428385  -14.36694510
  2.18483600  -20.24000125  -13.87679940
 -1.69931690  -21.09407519  -14.87041750
 -3.64139450  -21.74815746  -15.37994940
 -4.35593550  -22.55626129  -12.68329030
 -3.15587510  -21.67815395  -13.38262880
 -0.24276000  -20.07660325  -10.88450230
 -1.38309660  -20.57624105  -11.38281520
 -2.21177280  -20.81537945  -10.27881970
 -6.55450980  -22.37046670   -9.48169570
 -8.88733260  -22.55626129   -7.69575090
 -6.55450980  -21.14031469   -7.38314580
 -5.54470580  -19.09122575   -5.39995447
 -5.58347120  -20.72049245   -7.88612740
 -3.64139450  -19.91639655   -7.89051400
  1.21379900  -19.46579545   -8.38856250
  3.64139500  -19.33056635   -8.38803370
  1.21379900  -19.63171975   -9.87764700
  3.64139500  -19.56905905   -9.87662780
  5.30702000  -19.62108985   -9.56392080
  8.49658800  -19.96586505   -7.86813810
  5.92474200  -19.24384155   -7.41922470
 -2.18483630  -18.83554335   -6.89889649
  3.15587500  -18.62667555   -5.88563038
  3.15587500  -18.36044375    0.15234440
  6.06899100  -20.29582335    1.62540780
  3.64139500  -19.78601235    2.97120300
  7.04003000  -21.65475162    2.63868060
  9.46762500  -21.58330314    3.10311330
 14.93668800  -20.04029005    7.59364850
 10.53704800  -23.05126635    6.98857650
  8.98210700  -23.00699065    8.47868550
 11.40970200  -20.45957865   16.13375950
 13.53704800  -20.67597045   16.17243350
 11.83771900  -20.92491855   14.02773550
 15.54822500  -20.57624105   12.49535650
 19.17801100  -19.77060525   13.25144850
 20.53601100  -17.80352535   14.02773550
 16.62486700  -19.94280065    9.73834550
 21.98901400  -16.61620035    6.23316250
 14.85417000  -17.60621065    2.23766820
 12.86626100  -19.16020175    2.24722020
 11.89522200  -21.21584194    4.63863250
 11.28938700  -20.08123595    2.75329790
  8.49658800  -21.73092337   12.13813550
  8.98210700  -20.56999985   14.25517950
  7.03540000  -21.07124608   12.94664350
  7.45947800  -17.87883375   14.74263450
  9.03363000  -17.60621065   16.33135350
  9.08324600  -14.51919075   12.59793950
  7.04003000  -13.58736415   12.47161450
  6.03744500  -15.59968705   13.31283850
  5.09795200  -12.87119385   12.46725750
  1.99859600  -10.67613975   11.62892650
  2.18483600  -14.11286495   12.41921350
  1.53909300  -15.62619055   13.17089550
  2.67035600  -16.83261105   12.34123950
 -4.59133570  -16.12119575   12.03003050
 -1.97129620  -16.61620035   11.95811350
 -2.45490160  -15.21565765   14.02773550
 -0.96380610  -15.62619055   13.38877550
 -3.15587510  -16.01236335   12.59633350
 -3.15587510  -16.42364545   10.59735450
 -5.09795230  -15.16865965    9.57503650
 -5.79287140  -15.38160555   11.16814150
 -4.61243290  -12.73894975   14.59108050
 -1.69931690  -13.37928955   13.93089050
 -3.15587510   -8.29920475   14.65017050
 -1.50152580   -8.53705875   13.31283850
 -2.67035570   -9.97170375   13.05205050
  3.64139500   -6.59085075   12.84046250
  3.01129400   -8.52074475   12.59793950
  1.49975600   -7.91739275   13.31283850
  1.69931700   -9.55144975   12.08297450
  0.24276000   -9.28430675   12.01097250
 -0.72827900   -6.86782175   14.53078550
  1.94436800   -6.71609975   14.53134450
  5.29600600   -1.04090875   12.59793950
  5.77130300   -5.72608975   11.23876850
  5.58347100   -4.09014075   12.03115950
  6.06899100   -2.74951175   14.82480350
  5.80230900   -3.74606875   18.02508450
  5.09795200   -4.95166575   16.02271950
  4.10961600   -4.73607975   18.01939650
  6.17804700   -2.75605975   19.42735450
  3.53621400   -1.28845175   19.03202750
  3.22208200   -1.76604875   22.20945250
  1.43133800   -1.51896475   21.89162150
  0.72827900   -0.87785375   17.84649050
  1.05507100   -1.27104375   19.71983050
 -1.93982120    1.20398125   16.18446050
 -1.69931690   -0.24462675   18.21387750
 -1.69931690   -0.76196275   19.93473550
 -2.54696650    1.69898625   14.66615750
 -4.03008550    2.68899725   15.08735350
 -3.54370110    4.66901825   15.07896350
 -3.54370110    6.64903625   15.43822950
 -0.24276000    7.15577725   14.68961850
 -1.21379840    7.96966925   14.80332650
 -3.15587510    9.71079025   13.59826950
 -1.54495230    9.12406125   13.99851750
 -2.54696650    8.13405225   14.87592250
 -2.53784740    3.18400225   14.12361450
  6.25650000    0.70897725    9.13507150
  5.58347100    0.41005925   10.01165150
  4.98180100    2.99400925    7.59364850
  4.49406400    0.59242825    9.06068550
  2.18483600    1.21269825    8.98065650
  0.71819600    2.68899725    8.16666950
  3.15587500    2.73128725    7.89715850
  3.90122600    4.66901825    6.51089350
  5.19372900    5.54203025    5.28277450
  4.38700700    6.64528425    3.94852950
  7.18920500    7.72770125    1.21051130
 12.32636300   10.11407125    1.29698720
 12.86626100   10.14529025    2.89511790
 14.88742800   11.59908725    4.23697850
 13.83729900    9.68011625    4.09906750
 10.39811700    7.55327225    4.32006750
  9.99775300    8.62905725    2.30443590
  7.24852600    6.27005725    4.78423050
  6.71680500    6.94997625    3.73289250
  8.26928500    7.62934325    3.14166660
 11.89522200    7.99179125   11.29064250
  9.46762500    3.87357725    7.43192750
  6.44483800    4.18240525    6.52610550
  3.39556000    5.51433525    5.79453650
 -1.58286850   10.18942625    0.48618280
 -2.33649630    7.84162925    0.19412290
 -1.10452550   13.57910925   -1.55846010
 -0.24276000   13.10854325    0.59573040
 -0.09789600    9.12406125    0.67334140
  1.21379900    8.85423625    2.27566260
 -0.26593600   10.13781725    3.30425560
 -0.01666000   11.59908725    4.44292450
  0.24276000   12.73723225    3.98100350
  0.64227900   13.57910925    5.61138250
 -0.15087800    7.68199725    5.42166950
 -3.05364650    7.14404325    6.85469250
 -2.18483630    8.38760025    6.12681750
 -3.02001610    9.10468825    6.87874950
-11.01911566    6.15403225   10.27364050
 -8.98210610    6.59992625    9.46696450
 -8.49658680    3.95232225   10.29409550
 -9.46762540    2.98779925   10.90536450
 -5.09795230    2.61484925    8.90067850
 -3.19914950    1.20398125    9.71605050
 -5.10394560    1.82452825    9.73834550
 -5.90135140    2.19399125    9.50935850
 -6.55450980    5.03029825    9.34311950
 -3.84641350    3.37869125    8.11428350
 -3.45139160    5.16402225    7.47477150
 -2.55407560    5.09807025    6.83954550
 -3.07618370    4.16502025    7.40384550
 -0.18678900    1.66160625    9.02344550
  4.12691400    0.29118725   13.73732150
  5.09795200   -0.91202575   14.62260350
  4.89641900   -1.76604875   20.42348550
  4.72724000   -2.44382875   25.46611750
  5.99762500   -3.25106375   22.22811950
  5.89854200   -4.24107375   21.03286050
  2.18483600   -4.86314975   22.01256450
  0.57551300   -5.23108475   20.01249950
  2.67035600   -4.91817075   19.51918950
  5.36043300   -4.91577675   14.02773550
  4.61243300  -10.82600575   11.25861650
  6.06899100   -9.16395975   10.45299050
  6.06899100   -7.26995475   10.49377150
  5.08389400   -7.21110475   11.04458750
  4.61243300   -8.95164675   11.25123750
  3.64139500  -11.44941175   12.38431650
  3.15587500   -9.62718675   12.05454150
  0.72827900  -13.11534015   12.86559450
 -4.12691350  -14.69568865   14.57292850
 -8.46163930  -15.13118545   14.97586950
 -7.25636470  -14.63618035   15.07333450
 -6.06899060  -14.10748335   15.07038950
 -5.96890250  -15.51934715   14.02773550
 -8.40483300  -13.15116495   16.46189250
 -5.79379170  -11.17114575   15.06358050
 -8.49591060  -10.70291475   17.60223150
-12.86626020  -11.30239375   18.45783550
-16.26489490  -10.29088475   18.07708650
-14.96301260  -11.09438375   18.31712850
-13.46337880   -9.19112475   18.70590850
-11.79304380   -7.21110475   19.58086350
-12.78115570   -7.21110475   18.04328050
-14.01972930   -6.71609975   16.23470450
-15.81841030   -7.70610975   16.05227350
-17.46237170   -8.69611875   15.25944450
-16.26489490   -8.83401575   16.01007350
-18.20697200  -10.21242875   16.26221350
-19.99526780   -8.69611875   12.76929950
-20.63456800   -9.91444575   12.98407050
-23.06216400  -11.86601475   14.09132450
-22.57664500  -11.01322075   13.00289050
-21.12008800  -11.49936075   11.19777050
-18.86176860  -10.67613975   10.59387350
-17.62554300  -12.47552005   10.45324250
-17.23593370  -11.78256475   10.20051650
-19.17801090  -12.60058875   10.80690350
-20.63456800  -13.08953185   11.41651650
-18.84915340  -13.64617055   11.43502150
-18.20697200  -16.10137885   14.53180250
-19.17801090  -15.45119235   13.52722450
-23.33695000  -12.47211545   13.31283850
-20.14009660  -16.62885805   16.88733250
-18.93327420  -17.13112775   18.31712850
-16.31383740  -17.11120555   16.42014050
-18.69249140  -17.10356895   16.53721150
-13.43799700  -15.13118545   11.56979050
-14.18868510  -15.62157055   13.31283850
-17.23593370  -14.98879615   12.52769550
-15.29385650  -15.84261125   13.53226050
-15.77937550  -14.40423195   11.51586650
-14.32281800  -10.94979575    9.34495450
-13.81138080  -12.65616025    9.40343750
-10.92418316  -11.45491975    8.39180850
 -9.46762540   -9.82765375    9.74929150
 -8.01106750   -9.93204875    8.77606050
 -9.95314464  -12.92027755    8.05537950
-10.64790435  -12.14411445    8.27398450
 -7.76827450  -14.15220925    7.59364850
 -5.09795230  -10.63892375    6.97912850
 -5.58347120  -11.94622175    7.19264550
 -8.34604370  -11.66614975    7.79158150
 -5.66466750   -6.71609975    9.14025850
 -4.61243290   -8.24575075    7.75413950
 -4.19624840   -9.62736075    6.87874950
 -6.06899060  -10.25647175    7.77559950
 -6.06899060  -15.10638515    8.07283350
-11.89522160  -12.87763685    8.55761850
-13.46563380  -11.66614975    8.99355350
-14.36619490   -8.95044175   11.16814150
-13.35177940   -6.43816575   12.54387550
 -9.46762540   -4.68101275   13.58140850
 -9.56142327   -4.26009175   16.17243350
 -9.95314464   -4.72175375   15.19429550
-14.32281800   -6.18762775   15.03339450
-17.45080220   -7.70610975   14.85593150
-16.27218090   -6.67261475   14.74263450
-17.23593370   -6.98077875   13.15070250
-15.29385650   -7.49866075   11.95050550
-17.84809870   -8.20111475   12.16527850
-19.66352930  -10.23527275   11.78769450
-15.77937550  -12.54670425   10.00639650
-16.80800190  -10.18113475   10.89218250
-12.39000200   -9.68612975   10.37558050
-11.40970239   -7.34077275   11.14842150
 -8.75379100   -5.23108475   11.72888150
 -8.39810220   -7.21110475   10.34752350
 -7.20854750   -6.22109375   10.33660650
 -2.07655520   -6.92083175    8.25384250
  0.00156700   -7.38415575    7.65471650
  0.05169200  -10.06536375    5.03521450
 -2.08263290   -9.13809275    6.21752750
 -2.17561520  -10.18113475    5.16882550
  4.76202100   -6.69628875    7.81962750
  5.08078100   -8.20620675    6.58387150
  7.06775100  -10.45207275    4.01025050
  4.72069700   -8.92945475    5.91981150
  0.69716800  -12.56801695    1.15955990
 -3.08550970  -15.13118545    3.01941220
 -4.12691350  -14.36842575    4.21163850
 -3.15587510  -15.47144505    4.42179550
 -6.64754450  -14.14117515    7.01578250
 -5.09795230  -15.29939695    7.07347150
 -3.64139450  -15.65270555    6.57510150
 -2.99000730  -16.12119575    8.58810750
 -1.21379840  -16.81646385    9.58876750
 -0.24276000  -16.75116345    8.08770150
  2.16687700  -16.51332515    9.73834550
  0.24276000  -16.33323285   11.09842450
  3.15587500  -16.98634525   10.60504050
  3.55302300  -18.10121575    8.95450250
  2.42043300  -20.08123595    8.97541450
  0.72827900  -16.27195875    9.10046550
  1.66925400  -17.14548345    7.59364850
  1.31265600  -18.04121635    4.73405350
  0.93611100  -17.11120555    1.94579420
  2.18483600  -18.37585995    2.75808630
  3.36366300  -22.06125622    4.79368150
  2.44424900  -20.57624105    5.37774850
  2.89983900  -21.56625118    7.19018850
  4.93192300  -22.06125622    8.63938150
  6.06899100  -22.28318666   10.64342750
 10.61183400  -20.86996635   13.31283850
  8.98210700  -19.69644275   15.74370650
 13.83729900  -16.41112945   15.89827050
 12.38074100  -16.66031925   16.67581850
 12.44017200  -15.78281015   14.02773550
 12.43128000  -15.13118545   11.27236650
 11.89522200  -12.76451485    8.86597550
  8.01106800  -11.96486775   10.26372650
  8.49658800   -9.15363475    8.45122650
 10.08599900  -11.19820575    3.75422350
  6.97812300  -10.83020575   -1.31865340
  9.39816100  -12.07856075    1.10883730
 11.77655600  -13.11583415   -0.27023780
 14.11698200  -11.66614975   -1.53554330
 13.35178000   -7.57812475   -2.42420780
 11.63189900   -9.86918775   -2.19961390
 13.34940300  -18.58852425    1.15955990
 15.65575200  -16.12119575    1.88361950
 13.95143500  -18.59622085    2.89152450
 19.66353000  -18.83761045    8.24519750
 21.98481800  -17.75327155    8.30854750
 18.69249200  -16.13033765   11.48012050
 21.12008700  -16.46226205   12.68128150
 21.37738200  -17.64021155   11.88304050
 19.17801100  -17.71654025   16.08896750
 17.23593300  -18.22532745   17.89073850
 15.54163600  -16.12119575   16.46271250
 17.23593300  -16.73841995   16.88488850
 16.26489500  -17.50317235   17.68782950
 14.63722000  -16.12119575   16.88198750
 15.29385600  -17.55632965   18.08740550
 12.30559500  -18.10121575   18.14354050
 10.36769900  -17.60621065   17.54278450
 14.53122000  -18.59622085   18.09387650
 15.77937500  -18.21043725   17.73161050
 12.86626100  -19.36493075   17.74962550
 15.28694200  -16.12119575   12.90332150
 17.72145300  -14.92472215    7.93958050
 16.03463800  -11.66614975    7.13845150
 15.77937500  -11.67090875    4.26492550
 16.84070200  -10.86373375    5.59026150
  5.54306200   -5.84111775    8.52396850
  3.87566300   -3.15892175    9.56055850
  2.91868700   -4.60153575    9.11871850
 -4.12691350   -3.33759875   10.56263650
 -4.47118890    1.20398125   10.11603250
 -3.96196790   -0.77520175   10.51481150
 -3.64139450    0.32424025   10.32729250
 -1.32545370    0.70897725    9.71968150
 -2.30541320    2.19399125    8.90287850
 -2.33195580    3.35099225    7.98761150
 -0.58197300    3.18400225    8.01389350
 -0.24276000    3.85942325    7.48562250
 -1.52825820    4.02233325    7.44988350
 -0.73339360    4.39850825    7.15488550
 -1.11528100    7.14404325    6.04905050
 -1.53708930    5.89150625    6.44052750
 -0.17332700    4.95672825    6.70476350
  1.36659500    4.44912725    6.87874950
  1.15228800    6.15403225    5.65886350
 -0.85788720    8.87418225    5.38969950
 -2.52794500   10.11407125    7.02511750
 -4.12691350    9.65204425    8.63713150
 -2.02621640   10.97772625   11.16814150
 -0.71133600   10.25062225   12.59793950
  1.21379900    8.35173625   14.55049850
  1.21379900   10.77404025   12.95629650
  3.15587500   10.97960325   13.23115650
  2.45452900    9.98398825   14.02773550
 -0.03455700    9.29155925   14.02773550
 -2.54696650    9.61906825   12.88754050
 -8.22617880   10.11407125   14.87781850
 -9.04278560    9.55245425   17.60223150
 -9.04278560    6.15403225   17.99830950
-10.54367057    8.62905725   18.87985550
-16.04733270    7.63904725   19.14723650
-16.04733270    5.65902725   18.97569050
-13.54391470    5.65902725   19.14999650
-11.05065909    5.65902725   18.88628150
-12.54620350    9.61906825   19.97749850
-14.54263300    9.61906825   20.55179150
-17.23593370    9.08783525   19.63845150
-18.20697200    7.92588425   19.16991350
-19.66352930    8.98920625   19.29634950
-18.69249140   10.77052325   19.05660550
-16.26489490   10.94122325   18.52109650
-11.15404675   10.60907725   18.23911950
-10.92418316   10.92914925   16.42328750
-13.83729880    9.53698525   14.19197950
-12.38074090    9.02349625   12.11595250
-13.83729880    7.73224025   11.00283150
-16.14477240    6.64903625   11.07176350
-12.18752710    8.62905725   11.26730450
-19.12572470    5.98147025   11.88304050
-17.12186040    2.41620225   12.50363050
-14.89488400    4.17401125   11.89355550
-12.98381080    2.94642825   11.49411550
-11.99622590    1.24239325   12.59793950
-14.32281800    4.72344425   11.68866250
-13.02762830    5.14617525   11.16431750
-14.76563110    7.63904725   11.25314850
 -9.95314464   10.16540125   13.57584250
-12.13436230   10.11407125   14.49494050
-13.35177940   10.30896725   15.56264250
-13.35177940   11.06871425   18.75829650
-17.55915110   10.60907725   19.70162350
-20.38333120   10.11407125   18.92048350
-15.77937550    9.00821725   13.50530550
-18.35658590    9.61906825   14.84837250
-21.50859400    9.61906825   16.23730550
-16.26489490    9.51872025   14.52697150
-15.29385650   10.29147325   16.27346750
-18.04684440    5.16402225   18.92622450
-19.04251090    4.17401125   18.41557050
-19.17801090    6.16367125   18.95436350
-16.54415880    4.17401125   18.86751250
-17.52663460    2.19399125   16.97650650
-20.14904870    3.52608525   16.49857650
-20.14904870    7.71914125   19.09051050
-21.60560700    7.85301625   18.86835750
-23.28863500    8.13405225   15.47064350
-22.57664500    8.30700125   14.48785850
-21.03152500    4.62085125   14.02773550
-22.09112600    6.41794825   17.27476950
-22.09112600    5.24362925   16.08508950
-16.88984150    1.26207925   13.33152850
-16.75041430    0.62954725   15.02349750
-18.69249140    1.63742425   14.52442250
-21.09064200    6.00047325   12.59793950
-19.66352930    5.45025425   13.08641350
-18.69249140    7.00438725   11.87707050
-19.81712810    7.63904725   12.47320850
-17.22174970    8.26239025   12.59793950
-20.77715400    9.12406125   14.77998650
-22.57664500    8.36296325   18.32850550
-20.89709600    5.65902725   17.88657850
-20.63456800    3.51289925   14.50683850
-19.60222520    3.19205825   13.31283850
-15.50614060    1.70738425   16.88733250
-14.32281800    0.35271225   14.93481350
-14.54263300    0.21397225   16.53211350
-12.38074090   -0.42256875   15.73861950
-12.00439120    1.17185825   20.46182550
-11.58907180   -0.24370175   19.74692650
-10.43866389   -0.78815675   15.14042250
 -8.78407580   -0.77603875   13.54130850
-10.99316123    0.21397225   13.51244850
-11.89522160   -5.32408175   14.22348350
-14.79636800   -8.22733175   16.88733250
-17.72145260   -7.05095575   14.24530550
-18.99957270   -8.78912075   14.74263450
-20.36140150   -9.68612975   14.67174250
-20.06196390   -9.19112475   13.17520650
-20.98268600  -12.16115465   16.69257850
-21.60560700  -14.14917125   17.51764950
-21.97518900  -15.13118545   17.49181250
-22.88301200  -14.14117515   16.52331650
-23.06216400  -15.41458405   16.34831950
-22.35114400  -14.14117515   12.60162650
-23.08432900  -15.13118545   14.54537150
-21.29393900  -16.01685045   15.45753350
-21.50750200  -16.61620035   16.53215150
-20.46160880  -15.62619055   18.24490850
-20.14904870  -14.72770445   18.45165950
-18.97031200  -13.38508405   18.31712850
-18.69249140  -11.56232675   17.88781850
-16.75041430  -11.38154575   18.41521350
-16.75041430  -12.33450405   18.36731250
-18.66189380  -15.62619055   18.86432550
-17.46237170  -14.14117515   17.97514650
-16.46441640  -16.12119575   18.45305750
-18.14806740  -16.12119575   19.07570150
-14.96301260  -16.12119575   18.03786050
-13.83729880  -17.56468815   18.06538350
-15.96759020  -14.14117515   18.05351950
 -6.38955630   -6.43787775   26.89591350
 -5.28761470   -6.33854875   26.18101650
-13.35177940   -3.53875875   23.94100650
-13.20934930   -2.26105275   24.65691850
-10.43866389   -0.20677375   22.53212250
 -9.27491200   -0.87341075   24.75121750
 -8.99023180   -1.27104375   27.01550050
 -9.46762540   -0.26241475   30.64360550
-15.00122250   -0.28103475   30.22535850
-11.23036644   -1.76604875   26.54941650
-11.89522160   -1.75374975   27.58343650
-12.38074090   -1.08054875   28.80873250
-10.57048033   -0.28103475   31.10917050
 -8.49591060   -0.77603875   33.33288650
-10.49642936   -0.28103475   33.30682850
 -7.61698310   -0.20378675   25.46611750
 -3.91188660   -1.27104375   28.80859850
 -5.09795230   -1.21029275   29.40467550
 -7.04002920   -0.38773375   28.10625150
 -5.01960890   -0.77603875   25.99095650
 -4.83213510   -0.65230375   24.03631850
-11.89522160   -1.87047375   23.12193950
 -7.52554840   -7.51154575   22.52853850
-11.29823473   -4.62139275   22.60652050
-12.86626020   -4.56036175   24.95274050
 -7.16520970   -6.22109375   27.16135550
 -8.49658680   -5.95995475   28.01211250
-13.83729880   -5.82571375   28.00797750
-15.68881550   -5.72608975   28.96124750
-14.45587840   -5.72608975   29.48179750
-11.89522160   -6.05272575   29.50834050
-16.75041430   -6.98124175   32.58262750
-17.38801520   -5.23108475   29.36072250
-18.43661590   -4.59448475   29.75550950
-17.23593370   -4.44407075   27.95066550
-14.59656280   -5.23108475   26.50172150
-13.77910510   -3.92826275   24.75121750
-13.80085720   -4.95186575   26.18101650
-15.54300160   -3.74606875   25.96658050
-16.26489490   -2.20975075   26.83947850
-15.29385650   -3.25524875   25.43835950
-14.32281800   -1.71624575   26.12147650
-15.77937550   -1.16238575   28.54705550
-16.26489490   -1.37573475   30.92030050
-16.75041430   -2.57059275   32.96285350
-15.77937550   -2.89963675   34.29963450
-13.35177940   -0.08143975   33.06416050
-14.72506800   -0.28103475   32.73414350
-14.80833710    0.07125125   32.13497650
-14.97538840   -1.27104375   33.35474850
-12.96154800   -0.28103475   31.24179550
-14.29497830   -0.29174375   31.18530750
-16.55599490   -1.76604875   29.75296850
-17.46688550   -3.25106375   26.97125350
-18.12658400   -3.25106375   28.33807150
-17.72145260   -3.15509175   30.34761150
-17.23593370   -2.43932675   31.15966550
-18.69249140   -5.77522675   32.37090050
-18.38811340   -6.11279875   34.04490050
-17.83931250   -6.69509775   32.61510150
-17.50024410   -6.88097375   34.04490050
-16.99526970   -6.22109375   35.09305350
-14.32281800   -6.44447175   34.46742350
-15.77937550   -7.26545375   33.47054050
-11.00341788   -4.24107375   34.64500950
-11.89522160   -2.07866675   33.93103150
-12.99606310   -1.76604875   33.61197350
-14.50073230   -2.29362475   34.04490050
-15.49844350   -3.85296575   34.75980150
-16.99526970   -4.02010875   34.75980150
-17.39227190   -3.20754475   33.33000250
-18.20697200   -4.14140675   31.17339850
-13.46937310   -4.37652375   34.75980150
-13.99783320   -7.70610975   33.59244250
