 259  256  263
 264  263  256
 262  264  263
 262  263  119
 119   97  262
 264   91  256
  95   92   91
  97  120  262
 255  256  259
 255  256   90
  90   91  256
  90  693   91
  92  693   91
 259  258  255
  89  255  258
  89  255   90
 264   96   95
 262   96  264
 120   96  262
 120   95   96
 119  261  263
 263  259  261
 261  260  259
 259  260  258
 258   89  257
  97  157  119
 121  119  157
  95   98  120
 120 1295   97
  97  157 1295
 121  261  119
 121  118  261
 118  240  261
 261  260  240
  89  268  257
 260  267  240
1295  120   98
1297   98 1295
1297 1295 1296
1296  151 1295
1295  157  151
 151  152 1296
 152  153  151
 151  154  153
 154  157  151
 150  154  157
 150  121  157
 150  156  121
 156  122  121
 122  118  121
 122  162  156
 149  156  162
 149  156  150
 155  150  154
 155  150  149
 149  112  155
 110  112  155
 109  153  154
 153  108  109
 108  153  152
 152  107  108
 152  107 1296
 107 1298 1296
1296 1298 1297
1298 1294 1297
1294 1297   98
  98   99 1294
  99   95   98
  94   99   95
  94   92   95
 693   92   94
 693  691  694
 691  692  693
 693  254  692
 254   90  693
 254   84   90
  84  252   90
 692  691  253
 690  691  253
 253   83  254
 254   84   83
  83   86   84
  84  252   86
  86   85  252
 252   89   90
  85   89  252
  85  251   89
  89  251  268
 251  250  268
 251  270  250
 244  268  250
 251   85   88
  88  270  251
  86   85   88
  88  311  270
  88 1280   86
  83  253   82
  82  253  690
 690 1289   82
  82   83 1281
1281   86 1280
1281   86   83
  82 1283 1281
1289   82 1283
1289 1284 1283
1283  314 1281
1280  314 1281
 314   87 1280
  87   88 1280
1283 1282  314
1284 1283 1282
1282 1323  314
  87  313   88
  87  315  313
 314  315   87
1323  315  314
1323  317  315
1323 1315  317
1323 1322 1315
1282 1324 1323
1322 1323 1324
  81 1324 1282
1282 1284   81
 313  311   88
 315 1314  313
1314  315  317
1314  318  317
1316  318  317
 317 1316 1315
 318  316 1314
1314  311  316
 316  312  311
 312  250  270
 693   94  694
 694  689   94
  93   94  689
  93   99   94
 100   99   93
1294   99  100
1300  100 1294
1292   93  100
1293 1292  100
 100 1300 1293
1299 1300 1294
1294 1298 1299
 106 1298 1299
 106  107 1298
 105 1299  106
 106  712  107
 107  108  712
 712  714  108
 108  148  714
 109  148  108
 112  162  149
 162  161  112
 112  111  161
 111  110  112
 110  115  111
 111  116  115
 115  117  110
 181  115  117
 181  180  115
 115  116  180
 116  179  180
 180  198  179
 179  202  198
 116  113  179
 202  201  203
 201  113  202
 113  178  116
 116  111  178
 178  177  113
 178  161  111
 164  178  161
 164  177  178
 163  161  162
 162  159  163
 159  122  162
 122  118  159
 118  241  159
 241  240  118
 240  267  241
 241  265  267
 265  247  248
 248  267  265
 260  248  267
 260  257  248
 257  260  258
 249  244  250
 250  245  312
 245  249  250
 249  246  245
 288  249  244
 246  249  288
 708  105  106
 711  106  708
 711  106  712
 714  712  711
 711  710  708
 711  713  714
 713  711  710
 710  715  713
 710  709  708
 709  707  710
 710  715  707
 707 1302  709
 104  708  709
 105  708  104
 104 1302  709
 701  104 1302
1301 1299  105
 105  104 1301
1301  104  701
 102  701 1301
 103 1301  102
 103 1299 1301
1299 1300  103
 103 1293 1300
 702 1293  103
 101  702  103
 102  101  103
 101  102  701
  93 1292 1291
1291  689   93
1291  688  689
 694  689  688
 688 1279  694
 691 1279  694
 691  690 1279
 690 1288 1289
1285   81 1284
1348 1349 1343
1349 1344 1343
1343 1345 1344
1344 1346 1345
1306 1346 1345
1345 1309 1305
1345 1343 1305
1305 1342 1343
1342 1341 1348
1348 1347 1341
1329 1342 1305
1329 1341 1342
1341 1330 1329
  69 1330 1329
  69 1328 1329
1329 1307 1328
1307 1305 1329
1305 1308 1307
1307   79 1308
1308 1309 1305
1309 1306 1345
 679 1346 1306
1346  674 1344
1344 1349  674
 674 1350 1349
1350 1348 1349
1350   58 1348
1347   58 1348
1341 1347 1330
1330   65   69
  65 1340 1330
 688  687 1279
 687  688 1291
1291  695  687
 702  703  101
 702  696  703
 696 1293  702
1292  695  696
 696 1292 1293
1292 1291  695
 696  703  704
 704  697  696
 686  696  697
 686  695  696
 686  687  695
 686 1290  687
 686  685 1290
 685  684  686
 684  686  697
 697  683  684
 683  705  697
 697  704  705
 683  684 1306
 685 1306 1309
 684  685 1306
 685 1312 1290
1309  685 1312
1308 1309 1312
1308   80 1312
  80 1308   79
  79 1328 1307
1328 1327   79
  79 1310   80
1311 1312 1290
1312 1311   80
1278 1311 1310
  80 1311 1310
1279 1287  690
 690 1288 1287
1288 1286 1289
1286 1284 1289
1286 1285 1284
1286 1287 1288
1279 1311  687
 687 1290 1311
1311 1279 1287
1287 1278 1311
1278 1310 1286
1310   79 1327
1285   81 1313
1313 1285 1286
1310 1313 1286
1320   81 1313
1320 1324   81
1324 1317 1322
1318 1315 1322
1318 1322 1317
1318  324 1315
 324 1316 1315
 324  322 1316
 322  321 1316
1316  319  321
1274  318  319
1274  316  318
1274 1273  319
 321 1264  319
1273 1275 1274
1274  316 1275
1275 1276  316
1275 1265 1273
1273 1264  319
 276 1275 1265
1264 1262 1260
1262  321 1264
 324  350  322
 322  320  321
 350  320  322
 320 1262  321
 325  323 1318
1317  325 1318
1318  324  323
 350  328  323
 323  350  324
 329  328  350
 329 1261  320
1261 1262  320
1261  332 1262
1262  342  332
 349 1260 1262
1261  330  329
 328  330  329
 330  332 1261
 330 1259  332
 328  331  330
 330  331 1259
 331  327  328
 323  325  327
 327  328  323
 331 1259  353
 353  341 1259
1259  333  332
 333 1259  341
 341  338  333
 333  334  332
 332  342  334
 334 1197  342
1257 1197  342
 290  244  288
 290  268  244
 257  268  290
 290  248  257
 290  291  288
 288  289  291
 289  292  291
 291  243  290
 243  247  290
 292  243  291
 280  271  246
 246  245  271
 273  245  312
 312 1276  316
 273 1276  312
 273  245  271
 271  277  273
 274 1276  273
 280  277  271
 280  272  277
 273  277  274
 274  302  277
 277  272  302
 302  278  272
 278  282  272
 272  281  280
 281  282  272
 281  287  280
 287  246  288
 287  246  280
 287  288  289
 289  281  287
 286  281  289
 282  286  281
 286  279  282
 297  279  282
 278  297  282
 303  302  278
 303  304  302
 304  274  302
1277  274  304
 274 1277 1276
1277  276 1275
1275 1276 1277
 703  705  704
 703  701  700
 101  701  703
 700 1302  701
 700  705  703
1302  699  700
 705  682  683
 682  700  705
 682  698  683
 683 1306  698
 698  679 1306
 679 1304  698
1304  679  675
1346  675  679
 674 1346  675
1304  676  675
 673  676  675
 682  699  700
 682 1304  698
 682  699 1304
1304 1303  699
1303  676  677
 677  680 1303
 671  676  673
 671  677  676
 676 1303 1304
 699  706 1303
 680  706 1303
 706 1302  699
1321 1324 1317
1321 1320 1324
1321 1319 1317
1319 1317  325
 351 1319  325
 351  327  325
 351  352 1319
 352  326  351
 326  327  351
  74  326  327
  74  356  327
 356  331  327
 356  353  331
 356   73   74
 353   73  356
 353  355   73
 353  355  339
 341  339  353
 339  340  341
 340  338  341
 336  339  340
 336  358  339
 339  355  358
 355  354  358
 354   73  355
  73  357   74
 354  357   73
1260  343  349
 343 1264 1260
 343 1263 1264
1263 1273 1264
1266 1263 1265
1265 1273 1263
1263  343 1266
1194  343  349
1257 1194  349
1194 1195 1266
 343 1266 1194
1194 1198 1195
1195  344 1266
 344 1198 1195
 344 1193 1198
1193 1199 1198
1193  345  344
 348 1266  344
 344  345  348
1265  348 1266
1265 1267  276
 348 1267 1265
1268  348 1267
 345 1268  348
 276 1272 1277
1277  275  304
1272 1277  275
 276 1272 1267
1267 1269 1272
1269 1271 1272
1271  275 1272
 275  306  304
 303  304  306
 305  303  278
 305  309  303
 306  309  303
1271  306  275
1271  307  306
1269  347 1267
1267 1268  347
 347 1270 1269
 307  309  306
 345  346 1268
1193  346  345
1268 1192  346
1192  347 1268
 347 1234 1270
1235 1234 1270
1192  347 1191
1191  347 1234
1185 1193 1199
1193 1184  346
1184 1192 1191
1184  346 1192
1184 1193 1185
1187 1184 1185
1186 1184 1191
1187 1186 1184
1185 1199 1222
1185 1187 1222
1223 1187 1186
1222 1187 1223
1191 1186 1224
1234 1191 1224
 239  266  243
 292  243  239
 238  265  241
 158  241  238
 158  159  241
 160  159  158
 160  163  159
 166  164  161
 163  166  161
 166  160  163
 166  165  164
 177  176  164
 203  204  205
 158  226  160
 227  160  226
 227  166  160
 226  237  158
 158  238  237
 237  239  238
 236  239  292
 236  237  239
 236  242  237
 242  237  226
 227  169  166
 169  165  166
 169  167  227
 229  227  167
 229  226  227
 285  289  286
 692  254  253
1286 1278 1287
 311  312  270
 311  313 1314
 266  247  265
 265  266  238
 238  266  239
 266  247  243
1342 1348 1343
 279  283  286
 285  286  283
 296  279  283
 296  297  279
 298  296  297
 305  310  309
 305  297  278
 310  305  297
 228  229  226
 228  226  242
 242  230  228
 228  167  229
 228  167  231
 231  230  228
 236  225  242
 242  225  230
 225  224  236
 167  168  169
 165  175  168
 169  165  168
 168  170  167
 231  170  167
 614  230  231
 225  230  614
 225  222  224
 221  224  222
 223  224  221
 284  236  224
 292  284  236
 350  320  329
 292  223  284
 285  292  289
 284  223  224
 223  285  292
 221  218  222
 222  612  614
 612  222  218
 221  219  218
 223  219  221
 223  220  219
 220  285  223
 220  283  285
 283  293  220
 296  293  283
 293  216  220
 220  219  216
 216  214  219
 217  214  219
 218  219  217
 217  610  218
 612  218  610
 614  225  222
 612  613  614
 614  231  613
 610  611  612
 612  613  611
 611  608  610
 213  217  610
 214  217  213
 212  608  213
 213  124  214
 212  213  124
 216  215  214
 214 1228  124
1228  215  214
 293  235  216
 216  215  235
 235  232  215
1227 1228  215
1227  232  215
 296  293  294
 235  293  294
 294  232  235
 295  294  296
 295  298  296
 298  299  295
 297  299  298
 299  310  297
 295  232  294
 295  234  232
 164  176  165
 176  175  165
 175  171  168
 170  613  231
 170  171  168
 177  617  176
 177  618  113
 618  201  113
 618  177  617
 617  114  618
 114  201  618
 617  616  114
 617  172  616
 172  176  617
 176  174  172
 174  175  176
 175  173  174
 171  173  175
 171  615  170
 615  613  170
1320 1321 1319
1320 1325 1313
1310 1325 1313
1325 1327 1310
1326 1320 1319
1326 1325 1320
1325   78 1326
1325 1327   78
  78  352 1326
 352 1319 1326
 352   77  326
  78   77  352
  78   67   77
 338  335  334
 333  338  334
1197  335  334
1257 1258 1194
1198 1258 1194
1196 1257 1197
1196 1258 1257
1196 1202 1258
1198 1258 1202
1200 1198 1199
1202 1198 1200
1200 1221 1199
1222 1221 1199
1222 1183 1223
1188 1183 1223
1222 1183 1221
1221 1181 1183
1181 1182 1221
1200 1182 1221
1182 1201 1200
1202 1201 1200
1202 1255 1201
1256 1202 1255
1196 1256 1202
1196 1203 1197
1256 1203 1196
1203  335 1197
1203 1204  335
1204  363 1203
1203 1256  363
1219  363 1256
 363 1399 1219
1255 1256 1219
1255 1220 1201
1255 1220 1219
1400 1220 1219
1219  365 1399
1400 1219  365
1220 1254 1201
1201 1254 1182
1254 1253 1182
1181 1253 1182
1253 1251 1254
1220 1254 1251
1220 1401 1400
1401 1251 1220
1401 1213 1251
1403 1400 1401
1213 1401 1403
1405 1400 1403
 365 1405 1400
1213 1402 1403
1213 1252 1251
1251 1252 1253
1253 1180 1181
1183 1180 1181
1253 1180 1250
1252 1253 1250
1250 1168 1252
1252 1213 1168
1213 1169 1402
1168 1213 1169
1169 1214 1402
1212 1402 1214
1403 1402 1212
1212 1405 1403
1405 1406 1212
1215 1212 1214
1215 1406 1212
1215 1407 1214
1169 1407 1214
1169 1170 1407
1168 1177 1169
1169 1170 1177
1179 1250 1168
1168 1177 1179
1250 1248 1179
1248 1180 1250
1180 1241 1248
1241 1183 1180
1183 1189 1188
1241 1189 1183
1407 1408 1170
1170 1176 1408
1171 1176 1170
1171 1177 1170
1177 1171 1178
1178 1179 1177
1215 1411 1407
1409 1407 1411
1409 1408 1407
1409 1173 1408
1173 1172 1408
1408 1175 1172
1175 1176 1408
 363  364 1399
1398  363 1204
1398  364  363
1398 1209  364
 364 1210 1399
1399 1211  365
1210 1209  364
1398 1397 1209
1209 1417 1210
1210 1417 1416
1210 1416 1211
1399 1210 1211
 365 1405 1404
1404 1211  365
1404 1415 1211
1415 1416 1211
1417  366 1209
1397  366 1209
1395 1397 1398
1398 1206 1395
1206 1204 1398
1208 1204 1206
1208  335 1204
 362  335 1208
 362  338  335
1208 1207  362
1207 1336 1208
1336 1206 1208
1336 1205 1206
1205 1395 1206
1205 1394 1395
1396 1397 1395
1394 1396 1395
1397 1396  366
 366 1419 1417
1414 1416 1417
1419 1417 1414
1418  366 1396
1419  366 1418
  65   70   69
1328   66   69
  66 1327 1328
  66   67 1327
1327   78   67
  70   66   69
  70   68   66
  68   66   67
  67   71   68
  68   64   70
  70   65   64
  64 1331   68
  71 1331   68
  64   63   65
  63 1340   65
  62   64 1331
  63   62   64
  62 1332 1331
 369   71 1331
 369 1331 1332
1339   62 1332
1333 1332 1339
 369 1332  368
 368 1332 1333
  74   72  357
 326   74   72
  77   72  326
  71   67   76
  77   67   76
  76   72   77
  76  357   72
  76  369   71
  76   75  357
  75  354  357
  75  369   76
1347 1340 1330
  59 1347 1340
  58   59 1347
  57 1350   58
  57  667   58
  59   58  667
 667   54   57
 675  673  674
 673 1351  674
1351 1350  674
  55 1350 1351
  57   55 1350
  55   57   54
  54   53   55
 669  673 1351
 668  669 1351
 668 1351   55
 669  672  673
 672  671  673
 672  670  669
 670  671  672
 670  668  669
 728  671  677
 728  670  671
  56  670  668
 668   55   56
  56   55   53
  56  728  670
 678  677  728
 680  678  677
 706  707 1302
 706  681  680
 681  678  680
 681  707  706
 725  707  715
 725  681  707
 681  723  678
 725  681  723
 188  715  713
 713  714  188
 187  714  188
 187  148  714
 109  155  154
 110  109  155
 117  109  110
 117  148  109
 117  187  148
 187  189  117
 181  117  189
 189  147  181
 717  147  189
 717  187  189
 182  181  147
 718  717  187
 188  718  187
 186  718  188
 188  715  186
 186  725  715
 724  725  186
 724  723  725
 723  722  724
 722  727  723
 723  678  727
 726  722  724
 185  186  718
 185  726  724
 724  186  185
 729  678  727
 728  729   56
 729  678  728
 729  666  727
 727  721  722
 319 1316  318
1224 1223 1186
1188 1223 1224
1190 1189 1188
1190 1224 1188
1224 1239 1190
1234 1239 1224
1233 1239 1234
1234 1235 1233
 308 1269 1270
1235 1270  308
 308  307 1271
1269  308 1271
 310  301  309
 307  301  309
1235 1236  308
1236  307  308
1236  301  307
1236 1235 1233
1236  233 1233
 233  301 1236
1232 1233  233
1239 1240 1233
1232 1240 1233
1225 1239 1190
1225 1239 1240
1242 1189 1241
1242 1190 1189
1245 1242 1190
1245 1225 1190
1246 1247 1241
1241 1246 1242
1242 1243 1246
1243 1245 1242
1246 1165 1247
1248 1247 1249
1179 1248 1249
1249 1165 1247
1165 1166 1246
1243 1166 1246
1178 1249 1179
1178 1165 1249
 203  208  201
 201  114  208
 616  208  114
 208  205  203
 620  205  208
 624  620  205
 206  204  205
 627  205  206
 624  205  627
 204  197  206
 206  627  197
 195  197  627
 200  197  204
 626  627  624
 627  195  196
 196  626  627
 195  193  197
 196  193  195
 200  194  197
 193  194  197
 193  192  194
 299  300  295
 301  310  300
 300  310  299
 300  295  234
1232 1226  233
 300  301  233
 233  234  300
1226  233  234
1237  234  232
 232 1227 1237
1237 1226  234
1237 1229 1227
 123 1227 1229
1228  123 1227
 124  123 1228
 619  616  620
1243 1244 1245
1225 1244 1245
1244 1238 1225
1238 1240 1225
1238 1231 1232
1232 1240 1238
1231 1226 1232
1231 1164 1226
1164 1163 1237
1237 1164 1226
1229 1163 1237
1230 1229 1163
 123  586  124
 586  212  124
 586  585  212
 608  607  585
 585  212  608
 610  213  608
 611  211  608
 211  607  608
 611  609  613
 609  211  611
 609  615  613
 609  621  615
 171  621  615
 173  171  621
 621  622  609
 211  609  622
 211  210  607
 210  211  622
 210  209  622
 172  173  174
 173  616  172
 619  173  616
 622  173  621
 622  619  173
 623  619  622
 209  622  623
 623  619  620
 208  616  620
 625  623  624
 620  623  624
 624  625  626
 626  629  625
 625  209  128
 209  623  625
 128  605  129
 129  625  128
 129  629  625
 126  129  629
 125  129  605
 126  129  125
 587  586  585
 606  607  210
 606  209  210
 606  605  128
 606  209  128
 584  607  585
 584  606  588
 588  605  606
 606  607  584
 588  605  581
 581  125  605
 588  583  584
 583  582  588
 582  581  588
1156 1230  123
1156  586  587
1156  580 1230
 580  587 1156
 340  337  338
 338  362  337
1207  337  362
 361 1336 1207
 360  358   75
 354   75  358
 360  368  369
  75  369  360
 359  360  368
 359  337  361
1207  361  337
 337  359  340
 336  359  340
 359  358  336
 358  360  359
1334  359  368
1334  361  359
1334 1333  368
1334 1333 1338
1338 1392 1333
1339 1392 1333
1335  361 1334
1338 1335 1334
1394 1337 1205
1337 1336 1205
 407  401 1337
1337 1394  407
 367  401 1337
 367 1336 1337
 367 1335 1336
1336 1335  361
1391 1338 1392
1391 1335  367
1391 1335 1338
1393  367  401
 375 1393  367
1391  375  367
 400 1393  375
1393  401  400
 400  399  401
 400  374  375
 374  403  400
 400  404  403
 403 1390  374
 375 1391 1392
1392  373 1339
 376 1392  373
 375  376 1392
1389  376  374
1390 1389  374
 374  375  376
1339   61   62
  60   63   61
  61   62   63
  61  373 1339
 370   61  373
 373  370  376
 377  376  370
1389  377  376
 378  377 1389
  60 1340   63
  59   52   60
1340   59   60
  60 1352   52
  52   59  667
  53  661   54
 662  667   54
  54  654  662
 654  661   54
 661  653  654
 654  662  655
 654   41  655
 653   41  654
  42  655   48
  42   41   40
  41  655   42
  33   41   40
 653   33   41
 661  744  653
 652  653   33
 652  653  744
 744  663  661
  53  663  661
 666   56  729
  56  663   53
  56  664  663
 664  666   56
 666  665  664
 651  663  664
 651  660  663
 663  744  660
 660  656  744
 652  656  744
  33  652  743
  39  652  743
 656   39  652
  32   33  743
  40   33   32
1352   61   60
1352  370   61
1352  371  370
 371  377  378
 371  372 1352
  52  372 1352
 370  371  377
  51   52  372
 667   52   51
 662  667   51
  51  655  662
  51   48  655
  51   49  372
  49   48   51
  50  371  372
 372   50   49
1353  371   50
 378  371 1353
 203  207  204
 207  202  198
 203  202  207
 204  200  207
 199  200  207
 198  199  207
 180  199  198
 199  181  180
 199  182  181
 194  199  200
 194  191  182
 199  182  194
 192  191  194
 192  136  191
 135  192  136
 135  193  192
 193  134  196
 134  193  135
 113  202  179
 147  184  717
 147  184  190
 190  147  182
 191  138  190
 190  182  191
 190  139  138
 190  139  184
 136  138  191
 136  137  138
 138  137  139
 631  136  137
 135  631  136
 133  135  134
 631  133  135
 631  140  137
 137  140  754
 139  137  754
 754  141  140
 631  142  140
 140  142  141
 141  142  143
 146  631  142
 133  631  146
 185  719  726
 720  726  719
1230 1162  580
1157 1162 1230
1157 1163 1164
1157 1163 1230
1157 1164 1159
1158 1231 1164
1159 1158 1164
1167 1158 1238
1167 1166 1243
1243 1167 1244
1238 1244 1167
1166 1158 1167
1238 1158 1231
 577 1158 1166
1178  577 1166
 578  577 1159
1159  577 1158
 576  578 1159
1157  576 1159
1160 1157  576
 579  576  578
 579  576 1160
1160 1157 1162
1162 1161  580
1162 1160 1161
 575 1160 1161
 551  579  575
1160  575  579
  19  579  578
  19  551  579
 574  575  551
 552 1161  575
 574  552  575
 552 1161   22
1161  580   22
  21  587  580
  22   21  580
 583   21  587
 584  587  585
 583  584  587
 130  126  125
 628  626  196
 196  134  628
 628  630  626
 630  629  626
 127  629  630
 126  127  629
 127  134  133
 630  134  628
 127  630  134
 132  127  126
 132  146  133
 127  133  132
 132  130  126
 718  716  717
 184  716  717
 183  184  716
 183  139  184
 755  183  139
 754  139  755
 183  752  716
 185  716  718
 185  752  716
 753  185  752
 719  753  185
 732  719  753
 720  719  732
1131  183  755
 752 1131  183
1132  752 1131
 753 1132  752
1130 1131  755
1132 1130 1131
 755 1133 1130
 749 1133 1130
 750  749 1130
1132  750 1130
1133 1137  755
1129 1137 1133
1129  749 1133
 748  749 1129
1129  756 1137
1134  756 1137
1134  755 1137
1134  754  755
 143  754  141
1134  143  754
 144  142  143
 145  144  143
1135  145  143
1135 1134  756
1135 1134  143
 146  144  142
1136 1135  145
 756 1136 1135
 644 1136  756
 644 1129  756
1138  644 1129
1129  748 1138
 599 1136  644
 644 1527 1138
 599 1527  644
 601  145 1136
1136  601  599
 641  600  599
 599  641 1527
1528 1527 1138
1139 1528 1138
 748 1139 1138
 747  748 1139
 748  749  747
 645  749  747
 750  645  749
 739  645  747
1124  747 1139
1124  739  747
 646  645  750
 733  750  646
 733 1132  750
 751  753 1132
 733  751 1132
 751  732  753
 721  726  722
 720  721  726
 732  721  720
 721  666  727
 730  721  666
 730  665  666
 665  650  730
 665  649  664
 649  650  665
 649  651  664
 650  648  649
 658  660  651
 657  658  660
 656  657  660
 648  651  649
 648  735  651
 651  658  735
 659  658  657
 735  659  658
 731  732  721
 730  731  721
 731  650  730
 647  731  732
 732  647  751
 733  647  751
 647  650  731
 650  648  647
 734  647  648
 734  733  647
 734  735  648
 734  736  735
 659  736  735
 733  734  646
 646  736  734
 746  736  659
 646  746  736
 645  746  646
 746  738  645
 659  745  746
 746  745  738
 745  659  657
 742  657  656
 656  742   39
 742   38   39
 645 1125  738
1125  645  739
 741  745  657
 657  741  742
 742   38  741
 745  737  741
 737  738  745
1125  738  737
 740  737 1125
 739  740 1125
1128  741   38
 737 1128  741
 740  737 1128
  35   39   38
1127   35   38
1128   38 1127
1126 1128 1097
1127 1097 1128
1126  740 1128
 739 1126  740
1126 1124  739
1096 1126 1097
1096 1124 1126
1124 1034 1139
  34  743   39
  35   39   34
  32   31   34
 743   32   34
1127 1122   35
1098 1127 1122
1097 1127 1098
1097 1123 1098
1096 1123 1097
1032 1124 1034
1111 1034 1032
1032 1096 1124
1112 1032 1111
1096 1031 1032
1031 1032 1112
1113 1031 1112
1100 1096 1031
1100 1123 1096
1100 1099 1123
1113 1114 1029
1113 1100 1031
1100 1114 1113
1099 1114 1100
1034 1108 1111
1107 1108 1111
1095 1111 1112
1095 1107 1111
1091 1112 1095
1090 1091 1095
1411 1412 1215
1216 1411 1412
1409 1411 1216
1217 1215 1406
1412 1217 1215
1420 1412 1217
1420 1216 1412
1410 1409 1216
1173 1410 1409
  12 1216 1410
1420   12 1216
1420   11   12
  12   10 1410
  15 1217 1420
  15   11 1420
  13   11   15
  15 1413 1217
1421 1413   15
1421   13   15
1218 1413 1217
1218 1406 1217
1218 1404 1415
1218 1405 1404
1406 1405 1218
1413 1415 1218
1414 1415 1416
1413 1414 1415
1421 1414 1413
1419 1421 1414
  14 1421 1419
 414 1419   14
1418  414 1419
 410  414 1418
 415  414  410
 415   14  414
 416  415   14
 416 1421   14
  13 1421  416
 561  416   13
  16   13  561
  16   11   13
  16   18   11
  12   18   11
  17   18   12
  10   17   12
 560   17   18
  16   18  560
 562  561   16
 562  560   16
 560  563  562
1422  562  561
 416 1422  561
 411  416  415
1422  411  416
 412  415  411
 411 1423  412
1423  411 1422
1422 1424 1423
 413  415  412
 413  410  415
 422  413  412
 423 1423  412
 419  422  412
 419  412  423
1425  423 1423
 424 1423 1425
 424 1424 1423
 424 1679 1424
 426  424 1425
1679  424  426
 425 1425  426
1426  423  419
1425 1426  423
1426 1425  425
 428 1426  425
 433  426  428
 425  428  426
 432 1426  428
 430  428  433
1429  433  430
 434 1429  433
 433  434  427
 427  433  426
 426  427 1679
1682  434  427
1679  427 1681
1682 1681  427
1681 1680 1679
1424 1680 1679
1422 1424 1678
1680 1678 1424
1677 1422  562
1678 1677 1422
 562 1677  563
1676 1678 1680
1677 1676 1678
   1 1677 1676
1675 1680 1676
 564 1675 1676
1676    1  564
   1  565 1677
 563  565 1677
 565    2  563
 560    2  563
 560   17    2
 566   17    2
 566   10   17
1174 1410 1173
  10 1174 1410
   3 1174   10
1174 1172 1173
   8 1172 1174
   3    8 1174
   6    8 1172
1172 1175    6
  21   25  583
 582   25  583
 582  581  592
  25  592  582
 591  125  130
 132  131  130
 146  132  131
 131  591  130
 581  125  591
 591  581  592
 604  591  131
 604  592  591
 593  604  592
  25  593  592
  24   25  593
  21   25   24
 604  603  131
 594  603  604
 593  594  604
  24  595  593
  20   24   21
  22   20   21
  20   23   24
  23  595   24
 596   20   23
 596   22   20
 596   22  552
 553  596  552
 574  553  552
 597   23  596
 597 1155  596
 553 1155  596
1154   23  597
 762 1154   23
 595  762   23
 760  595  762
1153  760  762
1154 1153  762
 574  573  553
 574  572  573
 593  636  594
 595  636  593
 760  636  595
 144  131  146
 144  632  131
 633  632  603
 603  632  131
 633  144  632
 603  633  589
 589  603  594
 633  590  589
1178 1171 1176
1176  577 1178
1176  578  577
   7 1176 1175
   7  578   19
1176    7  578
 550  551  574
 572  550  574
 550  568  572
 568  550  569
 404  400  399
 417  413  422
 421  396  417
 422  421  417
 418  413  410
 417  386  418
 418  413  417
 408 1394  407
 408 1396 1394
 409 1396  408
 409 1418 1396
  50 1354   49
  46 1354   49
1354 1353   50
1354   47   46
1354 1355   47
  47 1368   46
  46 1368   48
  48   46   49
  44   42   48
  48 1368   44
  43   42   40
  40   32   31
  43   44   42
  43   31   40
  30   43   31
  30   43   44
 384 1390  403
 384  385 1390
1389  385 1390
 382 1389  385
1389  378 1388
1388  379  378
1353  379  378
1355 1353 1354
1355  379 1353
 381 1388  379
1388  382 1389
 381  382 1388
 390  385  382
 390  385  384
 384  383  390
 388  404  403
 383  389  384
 384  388  403
 389  388  384
 388  391  389
 387  404  388
 388  391  387
 392  391  387
 386  396  417
 387  405  404
 404  405  399
 386  387  396
 405  387  386
 402  401  399
 407  402  401
 398  402  407
 398  406  402
 406  399  402
 406  405  399
 386  406  405
 409  398  408
 407  398  408
 397 1418  410
 397  398  406
 397  409 1418
 397  409  398
 397  418  410
 397  418  386
 397  386  406
  45   47 1368
1367   44 1368
  45 1367 1368
1369 1367   44
1369   30   44
1366   30 1369
1120 1098 1122
1091 1094 1090
1090 1093 1094
1089 1093 1090
1107 1089 1090
1107 1090 1095
1108 1107  866
1088 1089 1107
1088  866 1107
 866 1087 1088
 866 1087 1084
1085 1087 1084
1084  862 1085
1106 1105 1087
1087 1106 1085
1105 1088 1087
1106 1086 1048
1048 1105 1106
1106 1086 1085
1047 1048 1086
1089 1105 1088
1051 1105 1048
1048 1049 1047
1049 1051 1048
1104 1105 1051
1104 1089 1093
1104 1105 1089
1355 1357   47
  45 1357   47
1357 1356 1355
1355 1356  379
1698  379  381
1698 1356  379
 380  382  390
 380  381  382
1699 1698  381
1699  380  381
1697 1699  380
 380  390 1697
 394  390 1697
 394  383  390
 393  394  383
 383  393  389
 391  393  389
 394  395  393
 541 1699 1697
 394 1696 1697
 541 1696 1697
1696  395  394
 761  597 1155
 761 1154  597
1154  761 1153
 546  573  572
 572  545  568
 572  546  545
 544  569  568
 568  544  545
 558  570    4
 571  544  569
 569  571  570
 558  571  570
 558  543  571
 571  556  543
 556  544  571
 555  544  556
 555  545  544
 549  573  546
 549  553  573
 549  554  553
1155  554  553
 547  549  546
 547  554  765
 554  547  549
 766  547  765
 766  767  546
 546  766  547
 767  545  546
 555  545  767
 548  554 1155
 548  765  554
 548 1155  761
 548  763  761
 761 1152  763
 761 1152 1153
1152  642 1153
 642 1153  760
 640  642  760
 760  637  636
 637  640  760
 759  594  636
 636  637  759
 759  758  594
 594  589  758
 638  759  637
 638  758  759
 589  635  758
 635  602  590
 589  635  590
1152 1151  642
1150  763 1152
1152 1150 1151
 764  548  763
1150  764  763
 764  765  548
 765 1374  764
 769  555  767
 543  567  556
 556  542  567
 769  556  555
 769  542  556
   5    8    3
   5    4   19
 570   19    4
   8    6    5
   6    7 1175
   5    7   19
   6    7    5
  19  569  570
 569  550   19
  19  551  550
1359 1357   45
  45 1359 1367
1367 1370 1369
1359 1370 1367
1370 1365 1359
1366 1370 1369
1370 1365 1366
1364 1373 1365
1365 1364 1359
1358 1359 1364
1358 1357 1359
1384 1364 1358
1372 1364 1373
1372 1384 1364
1373 1363 1365
1366 1363 1365
1363 1146 1373
1382 1146 1373
1373 1372 1382
1382 1376 1372
1377 1382 1146
1146 1147 1377
1146 1147 1363
1358 1357 1356
1385 1358 1356
1387 1385 1356
1378 1382 1376
1387 1698 1356
1699 1387 1386
1699 1698 1387
 541 1386 1699
   9    3    5
   9    4    5
 559  558    4
   9  559    4
 559  557    9
 557   10    3
   3    9  557
 566   10  557
 557  543  559
 557  567  543
 543  558  559
 567  566  557
 566  565    2
 566  542  565
 566  542  567
1673 1681 1682
1681 1673 1680
1673 1675 1680
1683 1429  434
1683 1682  434
 468 1683 1682
1682  468 1673
1672  468 1673
1673 1675 1672
 467  468 1672
1444 1683  468
 468  467 1444
 420  393  395
 420  392  393
 393  391  392
 421  420  396
 396  392  420
1700  420  421
 422 1700  421
1439 1700  422
 419 1439  422
1438 1700  420
1438 1702 1700
1702 1700 1439
 440 1438 1702
1702  441  440
1702  441 1439
1441 1426  432
1441 1439  419
 419 1426 1441
 432 1440 1441
1439 1440 1441
1440  441 1439
 431  429  432
1440  431  432
 429 1428  430
 431 1428  429
1428 1429  430
 435 1428  431
1440  441  435
 435 1427  441
 441 1427  440
 144  145  634
 601  634  145
 144  634  633
 634  602  601
 634  590  602
 634  590  633
 757  599  601
 757  602  601
 635  757  602
 599  600  757
 757  635  600
 600  758  635
 600  639  758
 758  639  638
 639  641  600
 639  598  638
  26  638  598
  26  637  638
 598  641  639
 643  641  598
 598   26  643
  26  640  637
1525  641  643
1527 1525  641
1525 1528 1527
1525 1141 1528
1525 1526  643
1529 1526 1525
1141 1525 1529
1529 1142 1141
1533 1142 1141
1533 1140 1141
1140 1528 1141
1033 1140 1528
1139 1033 1528
1035 1033 1139
1034 1035 1139
1034 1108 1035
1035 1109 1108
1108  866 1109
1109 1110  866
1110 1084  866
1110  862 1084
 862 1109 1110
1033 1036 1035
1033 1140 1036
1534 1036 1140
1140 1533 1534
1142 1532 1533
1533 1534 1532
1036  864 1534
 864 1037 1036
1036  863 1037
1035 1109  863
 863 1036 1035
 863  862 1109
 765  766 1374
 768  766  767
 768  769  767
 768 1380  766
1374 1380  766
 769  542 1379
1380 1381 1374
1381 1382 1378
1375 1374 1381
1375 1374  764
 764 1375 1150
1375 1382 1381
1377 1382 1375
1148 1375 1377
1148 1150 1375
1148 1151 1150
 643  640   26
 643  642  640
 643 1151  642
1526  643 1151
1149 1526 1151
1151 1148 1149
1149 1377 1148
1147 1149 1377
1529 1149 1526
1378 1379 1381
1380 1379 1381
1380  768 1379
 769  768 1379
1385 1384 1358
1384 1376 1372
1384 1385 1383
1371 1383 1385
1385 1371 1387
1371 1387 1386
1383 1376 1384
1378 1383 1376
1383 1378 1379
1379  770  542
 770 1383 1379
1371 1383  770
1386 1694 1371
1694  770 1371
1440  431  435
1147   27 1363
1363 1360 1366
1360 1363   27
  27 1361 1147
  30 1360 1366
  29 1360   30
  31   30   29
  37   29   31
  28   29 1360
  28   27 1360
1512   37   29
  28 1512   29
1230  123 1229
 586 1156  123
1123 1098 1120
1120 1118 1123
1123 1099 1118
1119 1118 1099
1099 1115 1119
1115 1114 1099
1115 1114 1029
1029 1030 1113
1112 1030 1113
1030 1091 1092
1092 1029 1030
1030 1091 1112
1092 1103 1091
1094 1103 1091
1101 1103 1094
1094 1093 1101
1102 1115 1029
1092 1102 1029
1028 1115 1102
1116 1028 1115
1115 1119 1116
1026 1116 1119
1117 1026 1119
1118 1117 1119
1117 1120 1118
1514 1117 1120
1024 1514 1117
1025 1024 1117
1026 1025 1117
1059 1025 1026
1027 1059 1026
1116 1027 1026
1116 1028 1027
1057 1028 1027
1102 1057 1028
1102 1055 1057
1102 1055 1092
1092 1103 1055
1101 1056 1103
1055 1056 1103
1101 1104 1093
1055 1052 1056
1058 1057 1055
1055 1058 1052
1078 1058 1052
1054 1052 1056
1054 1056 1101
1104 1054 1101
1051 1054 1104
1080 1078 1058
 977 1080 1058
1058 1057  977
 962 1080  977
1077  962 1080
1080 1078 1077
 962  975  977
 963  975  962
 962 1077  963
 973  963  975
 976  977 1057
1027  976 1057
1059  976 1027
1061 1059  976
1079 1061  976
 977  976 1079
1079  975  977
1014  964  975
 964 1079  975
 967 1079  964
 967 1061 1079
 965  966  967
 965  964  967
 965 1012  964
1012  968  965
1017  965  968
 966 1017  965
1015  968 1017
1017 1016 1015
1016  966 1017
1022 1016 1018
1015 1018 1016
1016 1062 1022
1062  966 1016
 966 1061  967
1060  966 1061
1061 1059 1060
1060 1062  966
1060 1059 1025
1025  978 1060
 978 1025 1024
1062  978 1060
1063  978 1062
1063  979  978
1024  979  978
 979 1023 1024
 980  979 1063
 984  979  980
 984 1023  979
 985  984  980
 985  981 1064
1064  980  985
1064 1063  980
1064 1021  981
1021 1063 1064
1021 1062 1063
1022 1021 1062
1020 1022 1021
 991 1021 1020
 981  991 1021
1019 1018 1022
1020 1019 1022
1065  991 1020
1065 1019 1020
 969 1012  968
1015  968  969
1011 1014  964
1010  969 1012
1010 1008 1011
1009 1008 1010
1013 1011 1014
1008 1013 1011
1008  955 1013
 955  956 1013
 974 1013  956
1014 1013  974
 973  974 1014
1014  973  975
 972  956  974
 972  974  973
 963  972  973
 961  963  972
 972  961  956
 971  963 1077
 961  963  971
 961  960  971
 960  961  956
1076  971 1077
1076  971  960
1075  960 1076
 959 1075  960
 960  959  956
 957  959  956
 956  957  955
 957 1008  955
1076 1073 1077
1077  925 1073
 925 1078 1077
1045 1052 1078
1078 1044 1045
 925 1078 1044
 922  925 1044
1073  922  925
1040 1044  922
1073 1074 1076
1076 1074 1075
 923 1073 1074
 923  922  926
 923 1073  922
1072  923 1074
 927  926  923
 927 1072  923
1070 1074 1072
1070 1075 1074
1075 1069 1070
1069  959 1075
 958 1069  959
 959  958  957
 958 1007  957
1006  958 1007
1069  958 1006
 954  957 1007
 954 1008  957
1009 1008  954
1050 1049 1051
1054 1050 1051
1053 1050 1054
1053 1054 1052
1081 1053 1046
1081 1045 1052
1081 1052 1053
1053 1050 1046
1046 1049 1050
1047 1046 1049
1083 1086 1047
1083 1082 1047
1047 1082 1046
 857 1046 1082
1043 1045 1044
1043  856 1045
 856  857 1045
1081  857 1046
1081  857 1045
1041 1043  856
1040 1043 1041
1044 1043 1040
 859 1082 1083
 859 1082  857
1361 1511   27
1149 1362 1147
1361 1362 1147
1362 1529 1149
1511   27   28
1362 1519 1361
1511 1361 1519
1517   28 1511
1517 1512   28
 429  428  430
 429  432  428
 349 1262  342
 922  926  921
 921 1751  922
1040 1751  922
1751 1039 1040
1040 1039 1041
1041 1042 1039
 851 1042 1039
1039 1750  851
1751 1750 1039
 860 1083  859
 856 1038 1041
1042 1038 1041
 856  858 1038
 859  858  857
 857  858  856
1083 1085 1086
 860  861 1083
 861 1085 1083
1085  862  861
 862  860  861
 863 1037  862
 964 1012 1011
1011 1012 1010
1444 1442 1683
1442 1429 1683
 435 1428 1429
 436  435 1429
 436 1429 1442
 439 1427  435
 436  439  435
1442 1684  436
1443 1684 1442
1442 1443 1444
1444  469 1443
1444  467  469
 467  470  469
1445  470  469
 469 1685 1443
1445 1685  469
1430 1684 1443
1685 1430 1443
1432  436 1684
1684 1430 1432
1432  439  436
1431 1432 1430
1431 1432  439
 439 1433 1427
1433  439 1431
1427 1436 1433
 440 1427 1436
1436  437  440
1436  437  438
 438 1433 1436
 438  449 1433
 449 1433  454
 454 1431 1433
1434  437  438
 438  450 1434
 449  450  438
 449  451  450
 451  452  449
 452  449  454
 454  453  452
 453  452  451
 453 1431  454
1719  453 1431
1431 1719 1430
1430  455 1685
1719  455 1430
 455 1715 1719
 455 1716 1715
1717  453 1719
1719 1717 1715
1717 1718  453
 453  451 1718
1718 1709  451
1708  450  451
 451 1709 1708
1712 1718 1709
1712 1714 1718
1718 1717 1714
1712 1710  446
1710 1714 1713
1713 1686 1714
1714 1712 1710
1717 1714 1686
 455 1446 1716
1446 1685  455
1685 1446 1445
1445  465 1446
 456 1446  465
 456 1716 1446
 467 1671 1672
 471  467 1671
 470  471  467
1449  465 1445
1445 1449  470
 470  472  471
 470  472 1449
1449 1450  472
1450  465 1449
1450  472  473
 472 1452  473
1452  466  472
 471 1454  466
 466  472  471
1671 1454  471
1454 1453  466
1452 1453  466
1454 1670 1453
1452 1570 1453
1458 1453 1570
1458 1670 1453
1458 1456 1670
1568 1450  473
1451  473 1568
1451 1452  473
1452 1451 1570
1570 1472 1451
1570 1464 1472
1569 1568 1451
1451 1471 1472
1471 1469 1569
1451 1471 1569
1470 1469 1471
1470 1472 1471
1466 1472 1470
1474 1470 1473
1473 1466 1470
1468 1469 1474
1474 1470 1469
1448 1450  465
1450 1563 1568
1567 1569 1563
1563 1569 1568
1567 1469 1468
1469 1569 1567
1563 1448 1450
1564 1563 1448
1564 1567 1563
1716 1447  456
 456 1447  465
1448 1447  465
1467 1472 1466
1467 1464 1472
1465 1466 1473
1467 1465 1466
1019  970 1018
 970 1015 1018
 969  970 1015
 969 1009 1010
 969 1009  970
1007 1067  954
1067 1006 1007
 953  954 1067
1019 1066 1009
1009  953 1066
1009  954  953
1066 1065 1019
 991 1065  990
 990 1066 1065
1006 1068 1069
1068 1070 1069
1068  951 1070
1068  952 1006
1067  952  953
 989 1066  990
 989  953 1066
 989  952  953
 952  987  989
 952 1006 1067
 952 1521  987
1521  951  952
 952 1068  951
 927 1071 1072
1071 1070 1072
1071  951 1070
 949 1071  951
1521  949  951
1005  949 1521
1005  987 1521
 987  986  989
 993 1005  987
 950  949 1005
1071  920  927
 920 1071  949
 949  950  948
 920  949  948
 950  929  948
 948  920  919
 920  924  919
 927  924  920
 948  947  919
1669 1675 1672
1669 1671 1672
1669 1454 1671
1669 1674 1670
1454 1669 1670
1675 1674 1669
1674 1667 1670
1667 1456 1670
1458 1457 1464
1464 1570 1458
1459 1457 1458
1456 1459 1458
1459 1571 1457
1464 1571 1457
1463 1464 1571
1467 1463 1464
1574 1571 1463
1577 1463 1467
1574 1577 1463
1467 1465 1577
1577  483 1465
 482 1465  483
1465  482 1473
1455 1571 1459
1575 1574 1571
1571 1575 1455
1462 1575 1455
1455 1461 1462
1462  780 1575
1462  776  780
 776 1462 1461
1573  780 1575
1574 1573 1575
1572  780  779
 776  779  780
1572 1573  780
 779  788 1572
1573 1576 1572
1574 1576 1573
1574 1576 1577
1578 1576 1577
1577 1578  483
 793 1576 1572
 792 1576 1578
 792 1576  793
 793  791  792
 483  485 1578
 481  483  485
 482  481  483
 484  485 1578
 792  484 1578
1579  484  792
 791 1579  792
 791  790  793
 789  793  790
 790  782  789
 782 1857  790
1856 1857  790
 791 1856  790
1857  787 1856
 787 1857  782
1606  787 1856
1854 1606 1856
1856 1858 1854
1858  791 1856
1581  791 1858
 791 1579 1581
1851 1858 1581
1853 1854 1858
1851 1853 1858
1848 1851 1853
1852 1855 1853
1855 1854 1853
1852 1853 1848
1606 1855 1854
1852 1847 1848
1605 1852 1855
1605 1606 1855
1852 1846 1605
1852 1846 1847
1848 1849 1851
1850 1851 1849
1850 1581 1851
1846 1838 1847
1839 1846 1838
1845 1839 1846
1841 1839 1840
1840 1839 1838
1841 1845 1839
1604 1846 1845
1604 1846 1605
 485  484  794
1881  485  794
 481  485 1881
 794 1583  484
1583 1582  484
 484 1579 1582
1581 1582 1579
 789 1572  793
 788  789 1572
 788  782  789
 481  477 1881
 482  481  477
 477  796 1881
 797 1583  794
1881  797  794
 795  796 1881
1881  797  795
1884  796  795
1884 1859  796
1860  477 1859
 796  477 1859
1859  893 1884
1859 1860  893
1860  892  893
 893  495 1884
 495  893  892
1885  795 1884
1849 1850 1580
1581 1580 1850
1582 1580 1581
1832 1580 1582
1584 1583 1582
1832 1584 1582
1588 1832 1580
1589 1588 1580
1849 1580 1589
1837 1589 1849
1848 1849 1837
1838 1848 1847
1837 1838 1848
1838 1840 1837
1843 1840 1841
1843 1842 1840
1592 1840 1842
1837 1592 1840
1835 1837 1589
1835 1592 1837
1587 1589 1588
1835 1834 1589
1587 1834 1589
1637 1834 1587
1588 1637 1587
1637 1588 1586
1586 1832 1588
1585 1584 1832
1586 1636 1585
1832 1586 1585
1638 1637 1586
1636 1586 1638
1636 1831 1585
 800 1831 1585
1584  800 1585
1583 1584  800
 799  800 1583
 797  799 1583
 800 1634  799
1831 1636 1632
1632 1636 1638
1023  998 1024
1514  998 1024
 998  984 1023
 983 1514  998
 984  983  998
 997  983  984
1515 1514  983
1513 1514 1515
1001 1515 1513
1001  983 1515
 985  997  984
 997  995  983
 995 1001  983
 997  996  995
 981  992  985
 991  982  990
 982  990  989
 982  992  989
 982  981  991
 982  992  981
 986  989  992
 993  987  986
 986  988  993
 985  997  992
 997  986  996
 997  986  992
 996  988  986
1003  993  988
 996 1003  988
1003  995  996
1005 1004  993
1004 1002  993
1002 1003  993
 994 1002 1003
1522  950 1005
1004 1522 1005
 928  929  950
1522  928  950
 928 1501  929
1502 1501  929
 929 1502  941
 994 1516 1002
1516 1004 1002
1516  999 1004
 999 1004 1522
1566 1564 1567
1566 1468 1567
1566 1565 1564
1476 1566 1565
1476 1468 1566
1476 1562 1468
1477 1562 1476
 935 1476 1565
 935 1476 1477
1474 1468 1562
1480 1474 1562
1478 1480 1562
1477 1478 1562
1480 1481 1474
1479 1480 1481
1478 1479 1480
1474  474 1481
1561  474 1481
1558 1479 1481
1481 1561 1558
1482 1479 1558
 904 1561 1558
1561 1560  904
1560  904 1559
1559  475 1560
1559  475  488
 479  488  475
 488  491  479
 491  490  488
1559  487  488
 488  487  490
1560  475  476
 476  479  475
 479  478  491
 480  476  479
 478  480  479
 494  478  491
 478  492  480
 492  493  478
 478  493  494
 891  493  494
 491  900  494
 900  891  494
1474 1473  474
 474  486 1473
1560  474  486
1560 1561  474
 482  486 1473
 486  476 1560
 482  486  476
 482  480  476
 480  482  492
 492  482  477
1860  492  477
 493  492 1860
 490  901  900
 491  490  900
 487  490  901
 902  487  901
1482 1555 1558
1555 1557 1558
1557 1558  904
 489 1557  904
 904 1559  489
 489  487 1559
 487  902  489
 489  903  902
1557  489  905
 905  903  489
1555 1557  905
1479  907 1478
 907 1482 1479
 903  499  902
 499  502  902
 901  503  902
 502  902  503
 503  901  900
 502  500  503
 498  500  503
 509  498  500
 509  498  504
 504  507  509
 497  503  498
 498  497  504
 497  900  503
 504  506  497
 506  504  507
 507  867  506
 506  867  505
 506  868  505
 505  872  873
 505  873  867
 872  871  505
 870  505  871
 870  868  505
 868  890  870
 870  869  871
 871  876  869
 876  877  874
 869  874  876
 874  877  889
 496  889  874
 869  874  496
 496  890  870
 870  869  496
 876  878  877
 879  880  878
 880  877  878
 879  876  878
 871  513  876
 876  513  879
 877  875  889
 889  495  875
 892  496  889
 495  892  889
 895  875  495
 896  875  895
 880  881  877
 881  875  877
 881  896  875
 896  897  895
 898  897  895
 898  894  897
 899  493 1860
 899  493  891
 868  497  506
 497  868  890
 891  890  900
 497  900  890
 899  890  891
 899  892 1860
 899  496  892
 899  890  496
1554  907 1478
 907  906 1482
 906 1482 1555
1475 1478 1554
1477 1475 1478
1514 1513 1120
1475 1477  940
 935 1477  940
 940 1502 1475
 941 1475 1502
 440  442 1438
1701 1438  420
1701 1696  395
 420  395 1701
1701  442 1438
1701  443  442
 443 1696 1701
 437 1703  440
1703  442  440
1704 1703  442
1704 1437  442
1696  458 1437
1696  443 1437
 442  443 1437
 462 1703 1704
1707  437 1434
1707 1703  437
 462 1707 1703
1707  463  462
1434 1708  450
1708 1435 1434
1435 1434 1707
1435  448 1708
 448 1706 1435
1707 1706  463
1707 1435 1706
1709 1712 1711
1711  446 1712
1711 1708 1709
 447  446 1711
1708  447 1711
1708  447  448
 448  445  447
 445 1706  448
 447 1720  446
1720  445  447
 445 1705 1706
1705  463 1706
1720 1705  445
1690 1722 1705
1720 1690 1705
1713  464 1710
 446  464 1720
1710  446  464
1689  464 1720
1689 1690 1720
1716 1687 1715
1687 1717 1715
1687 1686 1717
 464 1686 1713
1447 1716 1687
1687 1688 1686
 464 1688 1689
1688  464 1686
1688 1447 1687
1688 1689 1447
1447 1690 1689
1691 1690 1447
1448 1691 1447
1691 1564 1448
1692 1564 1691
1565  939 1564
 939 1692 1564
 939  935 1565
 935  936  939
1692 1691 1690
 457 1722 1690
1692  457 1690
 938 1692  936
 936  939 1692
 938  457 1692
 457 1724 1722
 444 1724 1722
 919  916  947
 916  915  918
 916  947  915
 916  924  918
 924  919  916
 947  912  915
 946  911  912
 946  947  912
 911  917  912
 915  917  912
 918  917  915
 942  946  947
 943  946  911
 943  942  946
 910  911  917
 910  943  911
 910  909  943
1491  910  909
1500  910 1491
1500  914  910
 917  914  910
 917 1749  918
1749 1495  917
 914 1495  917
 913  914 1500
1496 1495  914
 913 1496  914
1753 1495 1749
1496 1753 1495
1498 1753 1496
1499 1498 1496
 913 1499 1496
1754 1748 1753
1498 1754 1753
1497 1498 1754
1497 1499 1498
 836 1497 1499
1494  913 1499
1493  913 1494
1493  913 1500
1491 1500 1492
1493 1492 1500
1494 1499  836
 814 1494  836
 836  832  814
 813 1494 1493
 813 1492 1493
1668 1674 1667
1668  564 1675
1674 1668 1675
1667 1666 1668
1666  564 1668
1665 1666  564
1662  564 1665
   1  564 1662
1460 1456 1459
1460 1455 1459
1460 1461 1455
1460 1667 1666
1456 1460 1667
 775 1461 1666
1460 1461 1666
1665  775 1666
1628 1461  775
1628  776 1461
1664  775 1665
1664 1628  775
 774 1665 1664
1664 1663 1628
1663  774 1664
1662  774 1665
1660 1662    1
1660  565    1
1661 1662  774
1661 1662 1660
 782  781  788
 777  779  788
 781  777  788
 783  787 1606
 783  786  787
 787  782  786
1609  782  786
1609  781  782
1611  786  783
1611 1609  786
 785 1606  783
 785 1611 1610
 785 1611  783
1601  785 1610
1601 1606  785
1612 1611 1610
1609 1611 1612
1612 1608 1609
1608 1609  781
1608  777  781
 779  778  777
 778  776  779
1623  776  778
1618 1623  778
1620 1628 1623
1663 1620 1628
1618  777  778
1629  777 1618
1614  777 1629
1614 1608  777
1612 1643 1608
1643 1614 1608
1596 1610 1612
1612 1643 1596
1843 1844 1841
1844 1845 1841
1845 1844 1604
1607 1606 1605
1601 1607 1606
1844 1604 1607
 784 1607 1601
 784 1844 1607
1843 1842 1844
1842  784 1844
1602  784 1601
1596 1600 1610
1602 1600 1610
1610 1602 1601
1600 1599 1602
1602 1599 1842
1842  784 1602
1693 1696 1723
1693  457 1723
1121 1122 1120
1121 1120 1513
  34   37   31
  34   37   36
  36 1512   37
  36 1121 1122
  35   36   34
1122   35   36
1512 1513 1517
1121 1513 1512
  36 1121 1512
1517 1001 1513
1001 1516  994
 994 1003 1001
1001  995 1003
 771 1660  565
 774  772  773
 774 1622  772
1663 1622  774
1628  776 1623
1622 1663 1620
1620 1623 1622
1621  772 1622
1623 1621 1622
1654  772  773
1626  772 1621
1654 1626  772
1619 1623 1618
1629 1619 1618
1627 1626 1621
1623 1627 1621
1626 1625 1627
1627 1617 1625
1615 1627 1617
1615 1619 1623
1615 1627 1623
1630 1619 1615
1630 1629 1619
1630 1614 1629
1616 1617 1630
1615 1630 1617
1613 1630 1616
1643 1630 1613
1614 1643 1630
1643 1597 1613
1597 1596 1643
1598 1596 1597
1598 1600 1596
1598 1599 1600
1593 1835 1592
 941  929  948
 941  947  948
 942  947  941
1553  942  941
1475 1554 1553
1553  941 1475
 908  906  907
 907 1554  908
1553  908 1554
 943 1553  942
 945  943 1553
 908  945 1553
 944  909  943
 945  944  943
 921  924  927
 927  926  921
 924 1749  918
1752 1749 1753
1752  924  921
 921 1751 1752
1750 1752 1751
1752 1749  924
1750 1753 1752
1748 1750 1753
 817  813  814
 814 1494  813
 815  832  814
 817  815  814
1757  817  815
 815 1756 1757
 815 1755 1756
 832 1755  815
 852  851 1750
1750  852 1748
1748 1747 1754
1747  852 1748
 909 1488 1491
1491  812 1492
 811 1492  813
 813  816  817
 831  811  816
 816  811  813
 809  812  811
 809  831  811
 808  831  809
 818  816 1757
1757  817  816
 831  816  818
 808  831  818
1758 1757 1756
1762 1758 1757
 818 1762 1757
 806 1762  818
 806  808  818
 807  806  808
 805  806 1762
1826  807  806
 805 1826  806
1761  805 1762
1762 1761 1758
1763 1758 1761
1758 1756 1770
1763 1758 1770
1771 1756 1770
1771 1755 1756
1761 1764 1763
1763 1788 1764
1788 1770 1763
1769 1764 1788
1765 1769 1764
1789 1765 1769
1768 1789 1767
1765 1767 1789
1759 1765 1764
1761 1764 1759
1766 1767 1765
1759 1766 1765
1760 1761  805
1760 1759 1761
1766 1760 1759
 819  808  807
 518  807  819
 819  809  808
 830  809  819
 810  809  812
 810  830  809
 820  830  819
 819  820  518
 821  830  810
 820  821  830
1879  820  821
 517  820 1879
 517  518  820
1874  517  518
1826 1863  807
1863  518  807
1863 1864  518
1874 1864  518
1864 1877 1874
1874  517 1877
1865 1880 1864
1864 1865 1877
1868 1880 1865
1868 1862 1880
1862 1869 1868
1866 1869 1868
 515 1868 1866
 515 1865 1868
1871 1869 1866
1870 1862 1900
1870 1869 1871
1869 1862 1870
1905 1910 1909
1906 1905 1910
1906 1907 1910
1483 1555  906
 906 1483  908
1484  905 1555
1483 1484 1555
1556  905  903
 499 1556  903
 507  509  867
 867  501  509
 501  867  873
 871  511  872
 873  872  511
 511  826  873
 826  501  873
1556 1484  905
 510  500  501
 509  501  500
1556  510  500
 827  501  510
 826  827  501
 510 1484 1556
 822 1484  510
 822  827  510
 825  822  827
 827  826  825
 511  825  826
 823  822  825
 824  823  825
 825  824  511
 516  824  823
 823  828  516
 821  516 1879
 821  828  516
1878  517 1879
1878  516 1879
1875  824 1878
 516 1878  824
1877 1878  517
1877  514 1865
 515  514 1865
 514 1876 1877
1876 1878 1877
1875 1876 1878
1875  824  511
 513  511  871
1875  513  511
1876 1875  513
 879 1876  513
 512  879  880
 888  881  880
 512  888  880
 512  515  514
 514  879 1876
 512  514  879
 515 1871 1866
1872  512  888
1872  515  512
1871 1872  515
 882  896  881
 888  882  881
 883 1872  888
 882  883  888
1909 1870 1871
1909 1873 1905
1909 1873 1871
1871 1873 1872
 883 1873 1872
1924 1873 1905
1924  883 1873
1923 1924  883
 882 1923  883
 897  884  896
 896  882  884
 887  882  884
 884  887  897
 887 1923  882
1931 1924 1923
1926 1905 1924
1924 1931 1926
1908 1905 1906
1926 1908 1905
1927 1926 1904
1904 1908 1926
1926 1927 1931
1902 1907 1906
1906 1915 1902
1915 1908 1906
1915 1903 1908
1903 1904 1908
1929 1904 1903
1928 1904 1929
1904 1928 1927
1920 1927 1928
1920 1931 1927
 885 1923 1931
 885 1921 1931
1920 1921 1931
 885  887 1923
 829  823  828
 829  822  823
1485  822  829
1485 1484  822
1487 1483 1484
1485 1487  829
1485 1487 1484
1490  828  829
 821  828 1490
1490  810  821
1490 1487  829
 812 1492  811
1491 1488  812
1489 1488  812
 810 1489 1490
1487 1486 1489
1490 1487 1489
1486  945  944
 944 1489 1488
1486 1483  908
1486  945  908
1486 1487 1483
1486  944 1489
1489  810  812
1488  909  944
 860  862 1037
 859 1037  860
 859  858 1038
 839 1747 1754
 850  852  851
 847 1747  846
 847  850  852
1747  847  852
 837  839 1497
1754 1497  839
 838  837  836
1497  837  836
 838  832  836
1755  838  832
 834 1755  838
 835  838  837
 834  835  838
1785  834 1755
 835  842  837
 839  842  837
1746 1747  839
 842 1746  839
1746  846 1747
 859 1038  848
 849  850  851
 851  849 1042
 849 1038 1042
 855  850  849
 849 1038  855
 855  848 1038
 865 1037  859
 848  865  859
 847  854  846
 854  847  850
 854  848  855
 850  855  854
 853  848  865
 854 1745  846
1787 1788 1770
1771 1787 1770
1795 1769 1788
1787 1795 1788
1792 1795 1769
1768 1789 1769
1792 1768 1769
1793 1792 1768
1790 1793 1768
1798 1766 1802
1798 1760 1766
1766 1802 1767
1771 1785 1755
1786 1787 1771
1785 1786 1771
 895  495 1884
1884  898  895
1885  894  898
 898 1884 1885
 894  887  897
1885  886  894
 795  886 1885
 886  887  894
 885  886  887
1922 1920 1921
1932  885  886
1932 1921 1922
1932 1921  885
1919 1920 1922
1915 1903 1929
1917 1928 1920
1929 1917 1928
1915 1917 1929
1919 1917 1920
1915 1930 1917
1930 1916 1892
1916 1917 1930
1916 1917 1918
1918 1919 1917
1918 1890 1919
1892 1891 1918
1918 1891 1890
1890 1887 1922
1922 1919 1890
1890 1891 1887
1887 1888 1922
1888 1932 1922
1889 1932 1888
1889  886 1932
1889  795  886
1915 1914 1930
1930 1892 1914
1914 1911 1915
1902 1911 1915
1913 1892 1914
1914 1911 1913
1918 1916 1892
1891 1893 1892
1893 1892 1913
1887 1891 1893
1893 1897 1894
1913 1912 1893
1897 1912 1893
1798 1796 1760
1760 1799 1796
1797 1796 1798
1799 1797 1796
1800 1799 1797
1799  805 1760
1800  805 1799
1800 1822  805
1819 1798 1797
1802 1798 1819
1894 1887 1893
1894 1886 1887
1888 1886 1887
1886 1889 1888
 795 1886 1889
1883 1886 1894
1883  795 1886
1883  795  797
1882  797  799
1883 1882  797
1882  799  798
1883 1897 1894
1797 1801 1819
1800 1801 1797
1801 1808 1819
1820 1801 1808
1820 1811 1801
1801 1800 1811
1811 1810 1800
1820 1811 1821
1821 1806 1820
1808 1820 1806
1807 1819 1808
1813 1806 1812
1821 1813 1806
1778 1811 1821
1809 1810 1811
1778 1809 1811
1824 1810 1822
1800 1822 1810
1823 1824 1810
1810 1823 1809
1813 1821 1777
1777 1812 1813
1777 1775 1821
1778 1775 1821
1778 1779 1809
1782 1775 1778
1809 1780 1779
1780 1823 1809
1781 1780 1823
1830 1823 1781
1830 1829 1828
1830 1828 1825
1830 1825 1823
1824 1825 1823
 519 1829 1828
1828  803  519
 803 1825 1828
1604 1607 1605
 865  864 1037
 853  864  865
1534  853  864
 853 1534 1532
 853  854 1745
 853 1532 1745
1744 1745 1532
1744 1537 1745
1538  846 1745
1537 1538 1745
 843 1538 1746
 846 1538 1746
 844  843  842
1746  843  842
1536 1549  843
1536 1538 1537
1536  843 1538
 845 1740 1536
1550 1549 1536
1550  845 1536
1740 1537 1536
 844 1549  843
 841  842  844
 841  835  842
 834  835  841
 833  834  841
 833 1785  834
1773 1785  833
1773 1786 1785
1786 1772 1773
1772 1787 1786
1794 1772 1795
1795 1787 1772
1792 1794 1795
1817 1793 1792
1812 1815 1777
1817 1792 1815
1777 1814 1815
1814 1775 1777
1815 1816 1814
1816 1775 1814
1815 1816 1792
1794 1816 1792
1791 1772 1794
1791 1772 1773
1773 1784 1791
1791 1816 1794
1784 1775 1816
1791 1816 1784
1776 1773  833
 840  841  833
 840 1776  833
1540  840  841
1539  840 1776
1539 1540  840
1782 1775 1784
1783 1782 1784
1774 1776 1539
1784 1774 1783
1774 1773 1784
1774 1776 1773
1783 1539 1774
1540 1547  841
 844 1547  841
1539 1540 1541
1542 1541 1539
 527 1542 1541
1780 1779 1782
1783 1780 1782
1783 1542 1780
1542 1783 1539
 848  854  853
1911 1902 1901
1911 1913 1901
1867 1902 1901
1910 1902 1867
1907 1902 1910
1910 1870 1867
1909 1910 1870
1901 1867 1870
1900 1901 1870
1901 1898 1900
1913 1898 1901
1912 1913 1898
1912 1898 1897
1899 1898 1897
1899 1862 1900
1900 1898 1899
1880  798 1862
1880 1863 1864
1897 1895 1883
1895 1882 1883
1895 1899 1897
1895 1861 1882
1861 1882  798
1861 1895 1899
1861 1862 1899
 798 1861 1862
1827 1826 1863
 805  804 1822
1824 1825  803
 803 1822 1824
 804  803 1822
 804 1826  805
1827  804 1826
1827  804  803
 798 1880 1863
1863 1827  798
 798  801  799
 801 1827  798
 801  520  799
 520 1634  799
1827  802  801
 802  520  801
 802  803 1827
 803  520  802
 803  519  520
 519 1634  520
 519  523 1634
1831 1635  800
 800 1635 1634
1635  521  523
 523 1634 1635
1829  523  519
1633 1635  521
1633 1831 1635
 521  533 1633
1633 1647  533
 522  523  521
1831 1633 1647
1647 1632 1831
1632 1833 1638
1637 1833 1638
1639 1833 1632
1834 1833 1637
1833 1641 1639
1641 1834 1833
1836 1835 1834
1836 1641 1834
1590 1836 1641
1835 1836 1591
1591 1593 1835
1591 1590 1836
1590 1642 1591
1593 1642 1591
1603 1592 1593
1603 1842 1592
1603 1599 1842
1603 1599 1593
1516 1001 1517
 999 1000 1516
1522 1000  999
1520 1511 1517
1517 1516 1520
1520 1519 1511
1516 1000 1520
1518 1520 1519
1518 1000 1520
1523 1522 1000
1518 1523 1000
1523  928 1522
 928 1503 1523
1508 1523 1509
1503 1523 1508
1509 1518 1523
1510 1518 1509
1519 1510 1518
1145 1510 1519
1145 1362 1519
1144 1510 1143
1145 1143 1510
1144 1509 1524
1524 1509 1508
1144 1510 1509
1743 1143 1144
1524 1743 1144
1742 1508 1524
1524 1742 1743
1508 1742 1507
1503 1507 1508
1501  928 1503
1504 1503 1507
1501 1503 1504
1507 1506 1742
1504 1505 1507
1506 1505 1507
1501 1502 1504
 930 1504 1505
 930 1502 1504
 940  930 1502
 940 1726  930
1726  935  940
 931 1505  930
 930 1726  931
 931 1552 1505
1505 1506 1552
1742 1741 1743
1739 1743 1741
1739 1535 1743
1535 1143 1743
1736 1741 1742
1506 1742 1736
1735 1737 1736
1735 1506 1736
1735 1733 1552
1552 1506 1735
1734 1737 1735
1735 1733 1734
1548 1551 1734
1551 1737 1734
1737 1738 1736
1738 1741 1736
1744 1535 1537
1537 1739 1535
1739 1537 1740
1740 1741 1739
1733 1548 1734
1732 1552 1733
1732 1733 1544
1733 1544 1543
1543 1548 1733
1543 1546 1545
1545 1729 1544
1545 1543 1544
1731 1729 1544
1732 1544 1731
1732  931 1552
 931 1731 1732
 932  931 1731
1731  526 1729
 526 1545 1729
1546  526 1545
1731 1730  526
1730  525  526
 525  531 1730
1730  932 1731
 537  932 1730
 531  537 1730
 531  933  537
 537  538  932
 933  537  538
 933 1728  531
 531  530 1728
 933  536  539
1728  933  536
1651  536  539
 536 1650 1651
1726  934  931
 934  932  931
 934  538  932
1727  934  538
1726 1727  934
 935 1725 1726
1725 1727 1726
1725  935  936
1725 1727  936
1655 1727  936
 538 1727 1655
 538  539  933
1655  538  539
 539 1656 1655
 539 1658 1656
1651 1658  539
 937  936 1655
 937 1655 1656
1642 1594 1593
1594 1599 1593
1594 1598 1599
1642 1595 1598
1598 1594 1642
1595 1597 1598
1595 1597 1644
1644 1642 1595
1641 1642 1590
1644 1642 1641
1613 1644 1597
1641 1639 1640
1640 1641 1644
1640 1632 1639
1631 1644 1640
1631 1613 1644
1646 1632 1631
1640 1631 1632
1616 1645 1613
1645 1631 1613
1645 1646 1631
1616 1646 1645
1648 1647 1646
1646 1632 1647
1648 1617 1616
1646 1648 1616
1728  535  536
1624  535  536
 536 1650 1624
1728  535  530
 535  534  530
 522  534  533
1647  534  533
1649  535 1647
1647  534  535
1649 1624  535
1649 1648 1647
 522  530  534
 522  521  533
1624 1648 1649
1624 1617 1648
1625 1617 1624
1650 1625 1624
1653 1651 1650
1625 1653 1650
1625 1626 1653
1654 1653 1626
 532  525  531
 530  532  531
 524  532  530
 524  523 1829
 522  524  523
 530  522  524
 528 1542  527
 527  528  525
 528  532  525
 528  524  532
1829  529 1781
1780  528  529
 529  528  524
 524  529 1829
1830 1781 1829
 529 1781 1780
1542 1780  528
1547 1541 1540
1546 1547 1541
 526 1546 1541
 527  526  525
 527 1541  526
1548 1543 1547
1546 1543 1547
1548 1549 1547
1547 1549  844
1551 1549 1548
1550 1549 1737
1737 1549 1551
1741  845 1740
 845 1550 1738
1741  845 1738
1550 1737 1738
1535 1744 1143
1651 1652 1653
1653 1654 1652
1659  565  542
 774 1661  773
1660  773 1661
1660  773  771
1654  771  773
 771 1659  565
1652 1659 1654
1654  771 1659
 540 1659 1652
1652 1658  540
1651 1652 1658
 540  770 1659
1659  542  770
 770 1694  540
 938  937  936
1658 1657 1656
 937 1656 1657
1657 1694  540
 540 1658 1657
 938 1693  457
 937 1693 1657
 541 1386 1694
 541 1694 1695
1695 1696  541
1695 1693 1657
1693 1696 1695
1695 1657 1694
1693  937  938
1530 1362 1529
1143 1145 1530
1530 1145 1362
1530 1531 1529
1531 1142 1529
1531 1532 1142
1531 1143 1744
1531 1532 1744
1143 1531 1530
1768 1767 1790
1802 1803 1819
1803 1807 1819
1803 1818 1807
1793 1818 1790
1803 1790 1818
1802 1790 1767
1790 1802 1803
1812 1805 1815
1805 1817 1815
1805 1804 1812
1804 1806 1812
1804 1817 1805
1804 1808 1806
1804 1808 1807
1793 1817 1804
1804 1793 1807
1807 1793 1818
 444  459 1724
 458 1696 1723
 457 1724 1723
 459 1723  458
1724  459 1723
1437  461 1704
 460 1704  462
 460  461 1704
 460  463  462
1705  460  463
 461 1437  458
1721  459  444
1722 1721  444
1721 1705 1722
 460  461 1721
1721 1705  460
 459  461 1721
 459  458  461
 499 1556  500
1247 1248 1241
1178 1165 1166
 392  396  387
1019  970 1009
 290  248  247
1778 1779 1782
